time	latitude	longitude	utm_easting	utm_northing	altitude (m)
23/11/2011 18:35	53.92478	-1.822193	577342.2	5975795.3	98.7
23/11/2011 18:35	53.924848	-1.822297	577335.2	5975802.7	98.2
23/11/2011 18:35	53.924815	-1.822357	577331.3	5975799	98.3
23/11/2011 18:35	53.9248	-1.822453	577325.1	5975797.2	98.3
23/11/2011 18:35	53.924768	-1.822522	577320.6	5975793.6	98.4
23/11/2011 18:35	53.924744	-1.822599	577315.6	5975790.8	98.4
23/11/2011 18:35	53.924719	-1.822664	577311.3	5975788	98.5
23/11/2011 18:35	53.924685	-1.82275	577305.8	5975784.1	98.6
23/11/2011 18:35	53.92462	-1.822904	577295.8	5975776.7	99
23/11/2011 18:35	53.924506	-1.822871	577298.1	5975764	99.9
23/11/2011 18:35	53.924461	-1.822848	577299.7	5975759	100.2
23/11/2011 18:35	53.924416	-1.822838	577300.5	5975754.1	100.5
23/11/2011 18:35	53.924367	-1.822839	577300.5	5975748.6	100.9
23/11/2011 18:35	53.924323	-1.822815	577302.2	5975743.7	101.2
23/11/2011 18:35	53.92427	-1.822781	577304.5	5975737.9	101.6
23/11/2011 18:36	53.924223	-1.822729	577308	5975732.7	101.9
23/11/2011 18:36	53.924189	-1.82264	577313.9	5975729	102
23/11/2011 18:36	53.924151	-1.822571	577318.5	5975724.9	102.2
23/11/2011 18:36	53.924107	-1.822513	577322.4	5975720	102.5
23/11/2011 18:36	53.924067	-1.822468	577325.4	5975715.6	102.9
23/11/2011 18:36	53.924013	-1.822416	577328.9	5975709.7	103.4
23/11/2011 18:36	53.923961	-1.822382	577331.3	5975703.9	103.9
23/11/2011 18:36	53.92391	-1.822369	577332.2	5975698.3	104.3
23/11/2011 18:36	53.923865	-1.822366	577332.5	5975693.3	104.7
23/11/2011 18:36	53.923817	-1.822363	577332.8	5975687.9	105.1
23/11/2011 18:36	53.92377	-1.822356	577333.3	5975682.7	105.5
23/11/2011 18:36	53.923717	-1.822334	577334.9	5975676.8	106
23/11/2011 18:36	53.923669	-1.822312	577336.4	5975671.5	106.4
23/11/2011 18:36	53.923622	-1.822297	577337.5	5975666.3	106.8
23/11/2011 18:36	53.923577	-1.822306	577337	5975661.3	107.2
23/11/2011 18:36	53.923521	-1.822325	577335.8	5975655	107.6
23/11/2011 18:36	53.923455	-1.822345	577334.6	5975647.7	108.2
23/11/2011 18:36	53.923405	-1.822355	577334.1	5975642.1	108.6
23/11/2011 18:36	53.923356	-1.822363	577333.6	5975636.6	109
23/11/2011 18:36	53.923207	-1.822333	577335.9	5975620.1	111.3
23/11/2011 18:37	53.923162	-1.822331	577336.1	5975615.1	112
23/11/2011 18:37	53.923103	-1.822329	577336.3	5975608.5	113
23/11/2011 18:37	53.923052	-1.822337	577335.9	5975602.9	113.9
23/11/2011 18:37	53.923008	-1.822359	577334.5	5975597.9	114.6
23/11/2011 18:37	53.922964	-1.822386	577332.8	5975593	115.3
23/11/2011 18:37	53.922917	-1.822404	577331.7	5975587.8	116.1
23/11/2011 18:37	53.922865	-1.822419	577330.9	5975582	116.9
23/11/2011 18:37	53.922759	-1.822414	577331.4	5975570.2	118.7
23/11/2011 18:37	53.922695	-1.822419	577331.2	5975563	119.7
23/11/2011 18:37	53.92265	-1.822425	577330.9	5975558	120.5
23/11/2011 18:37	53.922569	-1.822429	577330.8	5975549	121.8
23/11/2011 18:37	53.922511	-1.822431	577330.7	5975542.6	122.8
23/11/2011 18:37	53.922462	-1.822439	577330.3	5975537.1	123.4
23/11/2011 18:37	53.922405	-1.822455	577329.3	5975530.7	123.9
23/11/2011 18:37	53.922355	-1.822459	577329.2	5975525.2	124.4
23/11/2011 18:37	53.922306	-1.822469	577328.6	5975519.7	124.9
23/11/2011 18:38	53.922261	-1.822458	577329.4	5975514.7	125.3
23/11/2011 18:38	53.922203	-1.822408	577332.8	5975508.3	125.9
23/11/2011 18:38	53.922148	-1.822404	577333.2	5975502.2	126.4
23/11/2011 18:38	53.922094	-1.822406	577333.1	5975496.2	127
23/11/2011 18:38	53.922049	-1.8224	577333.6	5975491.2	127.4
23/11/2011 18:38	53.921997	-1.822402	577333.6	5975485.4	127.9
23/11/2011 18:38	53.921951	-1.822399	577333.9	5975480.3	128.4
23/11/2011 18:38	53.9219	-1.822395	577334.2	5975474.6	128.9
23/11/2011 18:38	53.921855	-1.822401	577333.9	5975469.6	129.3
23/11/2011 18:38	53.92174	-1.8224	577334.2	5975456.8	130.4
23/11/2011 18:38	53.921663	-1.822404	577334.1	5975448.2	131.1
23/11/2011 18:38	53.92161	-1.822393	577334.9	5975442.4	131.7
23/11/2011 18:38	53.921509	-1.822367	577336.8	5975431.2	132.6
23/11/2011 18:39	53.921463	-1.822356	577337.6	5975426.1	133.1
23/11/2011 18:39	53.921413	-1.822342	577338.6	5975420.5	133.6
23/11/2011 18:39	53.921367	-1.822321	577340.1	5975415.4	134
23/11/2011 18:39	53.921318	-1.822292	577342.1	5975410	134.5
23/11/2011 18:39	53.921263	-1.822298	577341.8	5975403.9	135
23/11/2011 18:39	53.921206	-1.822312	577341	5975397.5	135.5
23/11/2011 18:39	53.921148	-1.822309	577341.3	5975391.1	136.1
23/11/2011 18:39	53.921095	-1.822301	577341.9	5975385.2	136.6
23/11/2011 18:39	53.921041	-1.822288	577342.8	5975379.2	137.1
23/11/2011 18:39	53.920933	-1.822267	577344.4	5975367.2	138.1
23/11/2011 18:39	53.920875	-1.822262	577344.8	5975360.7	138.6
23/11/2011 18:39	53.920815	-1.822227	577347.3	5975354.1	139.2
23/11/2011 18:40	53.920775	-1.822184	577350.2	5975349.7	139.6
23/11/2011 18:40	53.920715	-1.822211	577348.5	5975343	140.3
23/11/2011 18:40	53.920667	-1.822252	577345.9	5975337.6	140.8
23/11/2011 18:40	53.920637	-1.822323	577341.3	5975334.2	141
23/11/2011 18:40	53.92059	-1.822379	577337.7	5975328.9	141.5
23/11/2011 18:40	53.920535	-1.822435	577334.1	5975322.7	141.9
23/11/2011 18:40	53.920509	-1.822498	577330	5975319.8	142.1
23/11/2011 18:40	53.920491	-1.822583	577324.5	5975317.7	142.4
23/11/2011 18:40	53.920467	-1.822675	577318.5	5975314.9	142.7
23/11/2011 18:40	53.920444	-1.822746	577313.9	5975312.3	143
23/11/2011 18:40	53.920411	-1.822808	577309.8	5975308.5	143.4
23/11/2011 18:42	53.920432	-1.822729	577315	5975310.9	143.1
23/11/2011 18:42	53.92041	-1.82266	577319.6	5975308.6	143.3
23/11/2011 18:43	53.920455	-1.822683	577318	5975313.6	142.8
23/11/2011 18:43	53.920509	-1.822686	577317.7	5975319.6	142.3
23/11/2011 18:43	53.920561	-1.822629	577321.3	5975325.4	141.7
23/11/2011 18:43	53.920601	-1.822593	577323.6	5975329.9	141.3
23/11/2011 18:43	53.92064	-1.822535	577327.4	5975334.3	140.9
23/11/2011 18:44	53.920644	-1.822451	577332.9	5975334.8	140.9
23/11/2011 18:44	53.920614	-1.822392	577336.8	5975331.6	141.2
23/11/2011 18:44	53.920568	-1.822361	577338.9	5975326.5	141.7
23/11/2011 18:44	53.920519	-1.822319	577341.8	5975321.1	142.3
23/11/2011 18:44	53.920484	-1.822267	577345.2	5975317.2	142.7
23/11/2011 18:44	53.920423	-1.822212	577349	5975310.5	143.4
23/11/2011 18:44	53.920383	-1.822142	577353.6	5975306.1	144
23/11/2011 18:44	53.920378	-1.822043	577360.1	5975305.7	144.3
23/11/2011 18:44	53.920371	-1.82195	577366.3	5975305	144.5
23/11/2011 18:44	53.920333	-1.821887	577370.5	5975300.8	145.1
23/11/2011 18:44	53.920277	-1.821884	577370.8	5975294.6	145.8
23/11/2011 18:44	53.920231	-1.821898	577369.9	5975289.5	146.3
23/11/2011 18:44	53.920186	-1.821922	577368.4	5975284.5	146.8
23/11/2011 18:45	53.920138	-1.821949	577366.8	5975279.1	147.3
23/11/2011 18:45	53.920086	-1.821966	577365.7	5975273.3	147.9
23/11/2011 18:45	53.920035	-1.821976	577365.2	5975267.6	148.5
23/11/2011 18:45	53.91997	-1.822014	577362.8	5975260.3	149.1
23/11/2011 18:45	53.919924	-1.822022	577362.4	5975255.2	149.5
23/11/2011 18:45	53.919881	-1.821987	577364.7	5975250.5	150.1
23/11/2011 18:45	53.919875	-1.821909	577369.9	5975249.9	150.4
23/11/2011 18:45	53.919873	-1.821811	577376.3	5975249.8	150.8
23/11/2011 18:45	53.919887	-1.821731	577381.5	5975251.4	151
23/11/2011 18:46	53.919832	-1.82172	577382.4	5975245.3	151.6
23/11/2011 18:47	53.919882	-1.8217	577383.6	5975250.9	151.1
23/11/2011 18:47	53.920013	-1.821687	577384.2	5975265.5	149.8
23/11/2011 18:47	53.920059	-1.821703	577383.1	5975270.6	149.1
23/11/2011 18:48	53.920108	-1.821699	577383.2	5975276	148.5
23/11/2011 18:48	53.920163	-1.821684	577384.1	5975282.2	147.8
23/11/2011 18:48	53.920217	-1.821658	577385.7	5975288.2	147.2
23/11/2011 18:48	53.920364	-1.821787	577377	5975304.4	145
23/11/2011 18:48	53.920382	-1.821872	577371.4	5975306.3	144.6
23/11/2011 18:48	53.92041	-1.821943	577366.7	5975309.4	144.1
23/11/2011 18:48	53.920398	-1.822032	577360.8	5975307.9	144.1
23/11/2011 18:48	53.920371	-1.822121	577355	5975304.8	144.2
23/11/2011 18:48	53.920343	-1.82223	577347.9	5975301.6	144.3
23/11/2011 18:48	53.920313	-1.82234	577340.8	5975298.1	144.4
23/11/2011 18:48	53.920269	-1.822438	577334.4	5975293.1	144.6
23/11/2011 18:48	53.920223	-1.822535	577328.1	5975287.9	144.9
23/11/2011 18:48	53.920179	-1.822623	577322.4	5975282.9	145.5
23/11/2011 18:48	53.920134	-1.822709	577316.9	5975277.8	146.1
23/11/2011 18:48	53.920102	-1.822799	577311	5975274.2	146.7
23/11/2011 18:48	53.920077	-1.822886	577305.3	5975271.3	147.1
23/11/2011 18:48	53.920038	-1.822968	577300	5975266.8	147.7
23/11/2011 18:48	53.92	-1.823029	577296.1	5975262.6	148.3
23/11/2011 18:48	53.91996	-1.823099	577291.6	5975258	148.7
23/11/2011 18:48	53.919927	-1.823174	577286.7	5975254.3	149
23/11/2011 18:48	53.919882	-1.823263	577280.9	5975249.2	149.4
23/11/2011 18:48	53.91984	-1.82333	577276.6	5975244.4	149.8
23/11/2011 18:48	53.919803	-1.823402	577272	5975240.2	150.3
23/11/2011 18:48	53.919776	-1.823472	577267.4	5975237.2	150.7
23/11/2011 18:48	53.919737	-1.82354	577263	5975232.7	151.3
23/11/2011 18:49	53.919703	-1.823594	577259.5	5975228.9	151.7
23/11/2011 18:49	53.919661	-1.823672	577254.5	5975224.1	152.3
23/11/2011 18:49	53.919632	-1.823738	577250.2	5975220.8	152.7
23/11/2011 18:49	53.919603	-1.823815	577245.2	5975217.5	153.2
23/11/2011 18:49	53.919577	-1.823893	577240.1	5975214.6	153.7
23/11/2011 18:49	53.919549	-1.823976	577234.7	5975211.3	154.2
23/11/2011 18:49	53.919455	-1.824327	577211.9	5975200.5	156.4
23/11/2011 18:49	53.919414	-1.824483	577201.7	5975195.8	157.5
23/11/2011 18:49	53.919398	-1.824576	577195.6	5975193.9	158.1
23/11/2011 18:49	53.919386	-1.824652	577190.6	5975192.5	158.6
23/11/2011 18:49	53.919362	-1.824774	577182.7	5975189.7	159.4
23/11/2011 18:49	53.919349	-1.824851	577177.6	5975188.1	159.9
23/11/2011 18:49	53.919325	-1.824933	577172.3	5975185.4	160.5
23/11/2011 18:49	53.919292	-1.825059	577164.1	5975181.6	161.4
23/11/2011 18:49	53.919283	-1.825153	577157.9	5975180.5	161.9
23/11/2011 18:49	53.919271	-1.825293	577148.8	5975179	162.6
23/11/2011 18:49	53.919257	-1.825515	577134.2	5975177.2	163.8
23/11/2011 18:49	53.91924	-1.825634	577126.4	5975175.2	164.4
23/11/2011 18:49	53.919227	-1.825745	577119.2	5975173.6	165.1
23/11/2011 18:50	53.919222	-1.825929	577107.1	5975172.8	166
23/11/2011 18:50	53.919231	-1.826168	577091.4	5975173.6	167
23/11/2011 18:50	53.919231	-1.826252	577085.9	5975173.5	167.4
23/11/2011 18:50	53.919203	-1.826318	577081.6	5975170.3	168
23/11/2011 18:50	53.919215	-1.826399	577076.2	5975171.6	168.2
23/11/2011 18:50	53.919223	-1.826478	577071	5975172.4	168.5
23/11/2011 18:50	53.919237	-1.826623	577061.5	5975173.8	169
23/11/2011 18:51	53.919217	-1.826717	577055.3	5975171.4	169.6
23/11/2011 18:51	53.919189	-1.826806	577049.6	5975168.2	170.3
23/11/2011 18:52	53.919193	-1.826952	577040	5975168.5	170.7
23/11/2011 18:52	53.919194	-1.827038	577034.3	5975168.5	171
23/11/2011 18:52	53.919205	-1.827198	577023.8	5975169.6	171.4
23/11/2011 18:52	53.919247	-1.827241	577020.9	5975174.2	171.1
23/11/2011 18:52	53.91925	-1.827318	577015.8	5975174.4	171.3
23/11/2011 18:52	53.919235	-1.827397	577010.7	5975172.7	171.7
23/11/2011 18:52	53.919224	-1.827497	577004.1	5975171.4	172.2
23/11/2011 18:52	53.919218	-1.827586	576998.3	5975170.6	172.5
23/11/2011 18:52	53.919208	-1.82767	576992.8	5975169.4	172.9
23/11/2011 18:52	53.919214	-1.827756	576987.1	5975170	173
23/11/2011 18:52	53.919207	-1.827836	576981.9	5975169.1	173.3
23/11/2011 18:52	53.919215	-1.82792	576976.3	5975169.9	173.3
23/11/2011 18:52	53.919249	-1.827991	576971.6	5975173.6	173
23/11/2011 18:52	53.919234	-1.828126	576962.8	5975171.8	173.6
23/11/2011 18:53	53.919235	-1.828292	576951.9	5975171.7	173.9
23/11/2011 18:53	53.919239	-1.828383	576945.9	5975172.1	174
23/11/2011 18:53	53.919206	-1.828444	576941.9	5975168.3	174.6
23/11/2011 18:53	53.919178	-1.82851	576937.7	5975165.1	175
23/11/2011 18:53	53.919141	-1.828595	576932.2	5975160.9	175.6
23/11/2011 18:53	53.91909	-1.82872	576924	5975155.1	176.2
23/11/2011 18:53	53.919049	-1.828812	576918.1	5975150.5	176.8
23/11/2011 18:53	53.919017	-1.828895	576912.7	5975146.8	177.2
23/11/2011 18:53	53.918987	-1.828972	576907.7	5975143.4	177.7
23/11/2011 18:53	53.91896	-1.829043	576903.1	5975140.3	178
23/11/2011 18:53	53.918936	-1.829111	576898.6	5975137.6	178.4
23/11/2011 18:53	53.918909	-1.829175	576894.5	5975134.5	178.8
23/11/2011 18:53	53.918874	-1.829252	576889.5	5975130.5	179.1
23/11/2011 18:53	53.918844	-1.829332	576884.3	5975127.1	179.4
23/11/2011 18:53	53.918814	-1.829405	576879.6	5975123.7	179.8
23/11/2011 18:53	53.918788	-1.829473	576875.1	5975120.7	180.1
23/11/2011 18:53	53.918739	-1.829593	576867.3	5975115.1	180.6
23/11/2011 18:53	53.91871	-1.829653	576863.5	5975111.8	181
23/11/2011 18:53	53.918669	-1.82972	576859.1	5975107.2	181.5
23/11/2011 18:53	53.918645	-1.829784	576855	5975104.5	181.8
23/11/2011 18:54	53.918624	-1.829859	576850.1	5975102	182.1
23/11/2011 18:54	53.918595	-1.829959	576843.6	5975098.7	182.5
23/11/2011 18:54	53.918544	-1.830064	576836.8	5975092.9	183.4
23/11/2011 18:54	53.918512	-1.830126	576832.8	5975089.3	184
23/11/2011 18:54	53.918476	-1.830183	576829.1	5975085.2	184.6
23/11/2011 18:54	53.918433	-1.830238	576825.6	5975080.4	185.4
23/11/2011 18:54	53.918394	-1.830293	576822	5975076	186.2
23/11/2011 18:54	53.918355	-1.830352	576818.2	5975071.6	186.9
23/11/2011 18:54	53.918321	-1.830415	576814.1	5975067.7	187.8
23/11/2011 18:54	53.918281	-1.830476	576810.2	5975063.2	189
23/11/2011 18:54	53.918245	-1.830543	576805.9	5975059.1	190.1
23/11/2011 18:54	53.918211	-1.830613	576801.3	5975055.3	191.1
23/11/2011 18:54	53.91817	-1.830672	576797.5	5975050.7	192.3
23/11/2011 18:54	53.918134	-1.830735	576793.5	5975046.6	193.4
23/11/2011 18:54	53.918103	-1.830807	576788.8	5975043.1	194.4
23/11/2011 18:54	53.918067	-1.830863	576785.2	5975039	195.6
23/11/2011 18:55	53.918028	-1.830825	576787.7	5975034.7	196.3
23/11/2011 18:55	53.917987	-1.830899	576783	5975030.1	197.7
23/11/2011 18:55	53.91796	-1.830978	576777.8	5975027	198.7
23/11/2011 18:55	53.917934	-1.831062	576772.4	5975024	199.7
23/11/2011 18:55	53.917904	-1.83112	576768.6	5975020.6	200.7
23/11/2011 18:55	53.917902	-1.831211	576762.6	5975020.3	201.1
23/11/2011 18:56	53.917883	-1.831287	576757.7	5975018.1	201.9
23/11/2011 18:56	53.91786	-1.831401	576750.2	5975015.4	202.9
23/11/2011 18:56	53.917855	-1.831479	576745.1	5975014.7	203.3
23/11/2011 18:56	53.917854	-1.831557	576740	5975014.5	203.7
23/11/2011 18:56	53.917835	-1.83163	576735.2	5975012.4	204.4
23/11/2011 18:56	53.917803	-1.831709	576730.1	5975008.7	205.2
23/11/2011 18:56	53.91778	-1.831777	576725.7	5975006.1	205.7
23/11/2011 18:56	53.917754	-1.831867	576719.8	5975003.1	206.2
23/11/2011 18:56	53.91772	-1.831961	576713.7	5974999.2	206.8
23/11/2011 18:56	53.917698	-1.832039	576708.6	5974996.7	207.2
23/11/2011 18:56	53.91767	-1.832171	576700	5974993.4	207.6
23/11/2011 18:56	53.917654	-1.83226	576694.2	5974991.5	207.9
23/11/2011 18:57	53.917636	-1.832332	576689.5	5974989.5	208.1
23/11/2011 18:57	53.917612	-1.832417	576684	5974986.7	208.4
23/11/2011 18:57	53.917589	-1.832496	576678.8	5974984	208.7
23/11/2011 18:57	53.917568	-1.832581	576673.3	5974981.6	209.1
23/11/2011 18:57	53.917548	-1.832653	576668.6	5974979.3	209.5
23/11/2011 18:57	53.917517	-1.832733	576663.4	5974975.8	210.1
23/11/2011 18:57	53.917492	-1.832803	576658.8	5974972.9	210.5
23/11/2011 18:57	53.917472	-1.832879	576653.9	5974970.6	211
23/11/2011 18:57	53.917459	-1.832958	576648.7	5974969.1	211.3
23/11/2011 18:57	53.91745	-1.833035	576643.7	5974968	211.5
23/11/2011 18:57	53.917443	-1.833112	576638.6	5974967.1	211.7
23/11/2011 18:57	53.917438	-1.833198	576633	5974966.5	211.9
23/11/2011 18:57	53.91743	-1.833286	576627.2	5974965.5	212.1
23/11/2011 18:57	53.917426	-1.833394	576620.1	5974964.9	212.4
23/11/2011 18:57	53.917423	-1.833474	576614.9	5974964.5	212.8
23/11/2011 18:57	53.917427	-1.833569	576608.6	5974964.9	213
23/11/2011 18:57	53.917426	-1.833659	576602.7	5974964.7	213.3
23/11/2011 18:58	53.917413	-1.833808	576593	5974963	214
23/11/2011 18:58	53.917357	-1.833951	576583.7	5974956.7	215.2
23/11/2011 18:58	53.917316	-1.834016	576579.5	5974952	216
23/11/2011 18:58	53.917273	-1.834042	576577.9	5974947.2	216.7
23/11/2011 18:58	53.917228	-1.834066	576576.4	5974942.2	217.3
23/11/2011 18:58	53.91718	-1.834088	576575	5974936.8	218
23/11/2011 18:58	53.917119	-1.834123	576572.8	5974930	218.9
23/11/2011 18:58	53.91707	-1.834143	576571.6	5974924.5	219.6
23/11/2011 18:58	53.916986	-1.834187	576568.9	5974915.1	220.9
23/11/2011 18:58	53.916933	-1.834216	576567	5974909.2	221.8
23/11/2011 18:58	53.916886	-1.83425	576564.9	5974903.9	222.6
23/11/2011 18:58	53.916826	-1.834298	576561.9	5974897.2	223.8
23/11/2011 18:58	53.916778	-1.834346	576558.8	5974891.8	224.7
23/11/2011 18:58	53.916731	-1.834393	576555.8	5974886.5	225.7
23/11/2011 18:59	53.916684	-1.83449	576549.5	5974881.2	227.1
23/11/2011 18:59	53.916657	-1.834563	576544.8	5974878.1	228
23/11/2011 18:59	53.916625	-1.834672	576537.7	5974874.4	229.2
23/11/2011 18:59	53.916583	-1.834739	576533.3	5974869.7	230.2
23/11/2011 18:59	53.916542	-1.834792	576529.9	5974865.1	231.1
23/11/2011 18:59	53.916471	-1.834872	576524.8	5974857.1	232.4
23/11/2011 18:59	53.91642	-1.834913	576522.2	5974851.4	233.2
23/11/2011 18:59	53.916379	-1.834945	576520.2	5974846.8	233.8
23/11/2011 18:59	53.916327	-1.834983	576517.8	5974841	234.6
23/11/2011 18:59	53.91627	-1.835011	576516	5974834.6	235.4
23/11/2011 18:59	53.916193	-1.835064	576512.7	5974826	236.7
23/11/2011 18:59	53.916135	-1.835102	576510.3	5974819.5	237.7
23/11/2011 18:59	53.916093	-1.835143	576507.7	5974814.8	238.5
23/11/2011 19:00	53.916053	-1.835182	576505.2	5974810.3	239.4
23/11/2011 19:00	53.915978	-1.835257	576500.4	5974801.8	241
23/11/2011 19:00	53.91593	-1.83531	576497	5974796.4	242.1
23/11/2011 19:00	53.915881	-1.835363	576493.6	5974790.9	243.3
23/11/2011 19:00	53.915835	-1.835412	576490.5	5974785.8	244.4
23/11/2011 19:00	53.915794	-1.835471	576486.7	5974781.1	245.6
23/11/2011 19:00	53.915753	-1.835535	576482.6	5974776.5	246.8
23/11/2011 19:00	53.915705	-1.835575	576480	5974771.1	247.7
23/11/2011 19:00	53.915668	-1.835633	576476.3	5974766.9	248.7
23/11/2011 19:00	53.915645	-1.835708	576471.4	5974764.3	249.7
23/11/2011 19:00	53.915619	-1.835779	576466.8	5974761.3	250.6
23/11/2011 19:00	53.915585	-1.835849	576462.3	5974757.5	251.6
23/11/2011 19:01	53.915538	-1.835834	576463.3	5974752.3	251.8
23/11/2011 19:01	53.915583	-1.835776	576467.1	5974757.3	250.9
23/11/2011 19:01	53.915625	-1.835685	576473	5974762.1	249.7
23/11/2011 19:01	53.915696	-1.835701	576471.8	5974770	249
23/11/2011 19:01	53.915732	-1.835757	576468	5974773.9	249.2
23/11/2011 19:02	53.91566	-1.835822	576463.9	5974765.8	250.6
23/11/2011 19:02	53.915632	-1.835759	576468.1	5974762.8	250.3
23/11/2011 19:02	53.915574	-1.835772	576467.3	5974756.3	251
23/11/2011 19:02	53.915572	-1.835873	576460.7	5974756	252
23/11/2011 19:02	53.9156	-1.835959	576455	5974759	252.9
23/11/2011 19:02	53.915636	-1.836016	576451.2	5974763	253.2
23/11/2011 19:02	53.915685	-1.836077	576447.1	5974768.4	253.5
23/11/2011 19:02	53.915739	-1.836195	576439.3	5974774.2	254.4
23/11/2011 19:02	53.915781	-1.836258	576435	5974778.8	254.7
23/11/2011 19:02	53.915828	-1.836296	576432.5	5974784	254.6
23/11/2011 19:03	53.915902	-1.836433	576423.3	5974792.1	254.9
23/11/2011 19:03	53.915929	-1.836495	576419.2	5974795	255.1
23/11/2011 19:03	53.915947	-1.836592	576412.8	5974796.9	255.8
23/11/2011 19:03	53.915958	-1.83668	576407	5974798.1	256.5
23/11/2011 19:03	53.915944	-1.83676	576401.8	5974796.4	257.3
23/11/2011 19:03	53.915925	-1.836848	576396	5974794.2	258.3
23/11/2011 19:03	53.915898	-1.836939	576390.1	5974791.1	259.4
23/11/2011 19:03	53.915874	-1.837017	576385	5974788.4	260.3
23/11/2011 19:03	53.915836	-1.837157	576375.9	5974784	261.9
23/11/2011 19:03	53.915804	-1.837241	576370.4	5974780.3	262.9
23/11/2011 19:03	53.915781	-1.837307	576366.1	5974777.7	263.7
23/11/2011 19:03	53.915752	-1.837394	576360.5	5974774.4	264.7
23/11/2011 19:03	53.915713	-1.837469	576355.6	5974770	265.8
23/11/2011 19:03	53.915674	-1.837536	576351.3	5974765.6	266.9
23/11/2011 19:03	53.915631	-1.837617	576346.1	5974760.7	268
23/11/2011 19:04	53.915601	-1.837696	576340.9	5974757.3	268.9
23/11/2011 19:04	53.915564	-1.837764	576336.5	5974753.1	269.9
23/11/2011 19:04	53.915522	-1.837832	576332.1	5974748.3	271
23/11/2011 19:04	53.915478	-1.8379	576327.8	5974743.4	272.1
23/11/2011 19:04	53.915444	-1.83797	576323.2	5974739.5	273.1
23/11/2011 19:04	53.915401	-1.837997	576321.5	5974734.7	274
23/11/2011 19:04	53.915348	-1.837973	576323.2	5974728.8	274.8
23/11/2011 19:04	53.915305	-1.838014	576320.6	5974724	275.7
23/11/2011 19:04	53.915266	-1.838071	576316.9	5974719.6	276.7
23/11/2011 19:04	53.915224	-1.838139	576312.5	5974714.8	277.9
23/11/2011 19:05	53.915178	-1.8382	576308.6	5974709.7	279
23/11/2011 19:05	53.915135	-1.838266	576304.3	5974704.8	280.2
23/11/2011 19:05	53.915101	-1.838315	576301.2	5974701	281.1
23/11/2011 19:05	53.915048	-1.838395	576296	5974695	282.5
23/11/2011 19:05	53.915009	-1.83846	576291.8	5974690.6	283.6
23/11/2011 19:05	53.914978	-1.838517	576288.1	5974687.1	284.4
23/11/2011 19:05	53.914946	-1.838574	576284.5	5974683.4	285.1
23/11/2011 19:05	53.914908	-1.838634	576280.6	5974679.2	285.9
23/11/2011 19:05	53.914868	-1.838675	576278	5974674.7	286.6
23/11/2011 19:05	53.914819	-1.83875	576273.1	5974669.1	287.6
23/11/2011 19:05	53.91478	-1.8388	576269.9	5974664.7	288.3
23/11/2011 19:05	53.914733	-1.838853	576266.5	5974659.5	289.1
23/11/2011 19:05	53.914689	-1.838911	576262.8	5974654.5	289.9
23/11/2011 19:05	53.914645	-1.838972	576258.9	5974649.5	290.8
23/11/2011 19:05	53.914594	-1.839054	576253.6	5974643.8	291.8
23/11/2011 19:05	53.914554	-1.839115	576249.6	5974639.3	292.5
23/11/2011 19:06	53.91451	-1.83917	576246.1	5974634.3	293.3
23/11/2011 19:06	53.914464	-1.839218	576243	5974629.1	293.9
23/11/2011 19:06	53.914424	-1.839266	576240	5974624.6	294.5
23/11/2011 19:06	53.914366	-1.839343	576235	5974618.1	295.4
23/11/2011 19:06	53.914328	-1.839396	576231.6	5974613.8	296
23/11/2011 19:06	53.914286	-1.839456	576227.7	5974609.1	296.7
23/11/2011 19:06	53.914235	-1.839497	576225.1	5974603.4	297.4
23/11/2011 19:06	53.914184	-1.839538	576222.5	5974597.6	298.1
23/11/2011 19:06	53.914134	-1.839562	576221	5974592.1	299
23/11/2011 19:06	53.914084	-1.839578	576220.1	5974586.5	300.1
23/11/2011 19:06	53.91403	-1.839582	576219.9	5974580.5	301.1
23/11/2011 19:06	53.913978	-1.83959	576219.5	5974574.7	302.2
23/11/2011 19:06	53.913922	-1.839588	576219.7	5974568.4	303.2
23/11/2011 19:06	53.913868	-1.839586	576219.9	5974562.4	304.2
23/11/2011 19:07	53.913815	-1.839591	576219.7	5974556.5	305.3
23/11/2011 19:07	53.913755	-1.839579	576220.6	5974549.9	306.4
23/11/2011 19:07	53.913705	-1.839565	576221.6	5974544.3	307.2
23/11/2011 19:07	53.913654	-1.839546	576223	5974538.7	308.1
23/11/2011 19:07	53.913576	-1.839521	576224.8	5974530	309.4
23/11/2011 19:07	53.913521	-1.839491	576226.8	5974523.9	310.2
23/11/2011 19:07	53.913471	-1.83946	576228.9	5974518.4	310.9
23/11/2011 19:07	53.913424	-1.839441	576230.3	5974513.2	311.6
23/11/2011 19:07	53.913376	-1.839422	576231.6	5974507.9	312.4
23/11/2011 19:07	53.913325	-1.839396	576233.4	5974502.2	313.1
23/11/2011 19:07	53.913264	-1.839369	576235.3	5974495.5	313.8
23/11/2011 19:07	53.913217	-1.839347	576236.8	5974490.3	314.4
23/11/2011 19:07	53.913171	-1.839317	576238.9	5974485.2	315
23/11/2011 19:07	53.91311	-1.839281	576241.4	5974478.4	315.7
23/11/2011 19:08	53.913049	-1.839254	576243.2	5974471.7	316.5
23/11/2011 19:08	53.912988	-1.839224	576245.3	5974464.9	317.3
23/11/2011 19:08	53.912941	-1.839198	576247.1	5974459.7	317.8
23/11/2011 19:08	53.912899	-1.839167	576249.2	5974455.1	318.3
23/11/2011 19:08	53.912854	-1.839153	576250.2	5974450.1	318.9
23/11/2011 19:08	53.912806	-1.839122	576252.4	5974444.8	319.4
23/11/2011 19:08	53.912762	-1.839088	576254.7	5974439.9	319.8
23/11/2011 19:08	53.912721	-1.839051	576257.2	5974435.4	320
23/11/2011 19:08	53.91268	-1.83899	576261.3	5974430.9	320
23/11/2011 19:08	53.912638	-1.838941	576264.6	5974426.3	320.2
23/11/2011 19:08	53.912592	-1.838896	576267.6	5974421.2	320.3
23/11/2011 19:08	53.912548	-1.838857	576270.2	5974416.4	320.6
23/11/2011 19:09	53.912498	-1.838826	576272.4	5974410.8	320.9
23/11/2011 19:09	53.912427	-1.838787	576275.1	5974403	321.2
23/11/2011 19:09	53.91236	-1.838849	576271.1	5974395.5	322.6
23/11/2011 19:09	53.912312	-1.838888	576268.6	5974390.1	323.5
23/11/2011 19:09	53.912272	-1.83893	576265.9	5974385.6	324.3
23/11/2011 19:09	53.912227	-1.838991	576262	5974380.5	325.3
23/11/2011 19:10	53.912179	-1.839041	576258.8	5974375.1	326.2
23/11/2011 19:10	53.912131	-1.839101	576255	5974369.7	327.1
23/11/2011 19:10	53.912098	-1.839155	576251.5	5974366	327.8
23/11/2011 19:10	53.912046	-1.839238	576246.1	5974360.1	328.6
23/11/2011 19:10	53.911964	-1.839397	576235.8	5974350.8	330
23/11/2011 19:10	53.911929	-1.839478	576230.6	5974346.8	330.6
23/11/2011 19:10	53.911896	-1.839534	576227	5974343.1	331
23/11/2011 19:10	53.911866	-1.839591	576223.3	5974339.7	331.5
23/11/2011 19:10	53.911827	-1.839664	576218.5	5974335.3	332
23/11/2011 19:10	53.911784	-1.839735	576214	5974330.4	332.5
23/11/2011 19:10	53.911746	-1.83981	576209.1	5974326.1	333
23/11/2011 19:10	53.911714	-1.839886	576204.2	5974322.5	333.4
23/11/2011 19:10	53.911669	-1.839967	576198.9	5974317.4	333.9
23/11/2011 19:10	53.911637	-1.840024	576195.2	5974313.8	334.2
23/11/2011 19:10	53.911601	-1.840077	576191.8	5974309.7	334.6
23/11/2011 19:11	53.911567	-1.840133	576188.2	5974305.9	335
23/11/2011 19:11	53.911522	-1.84021	576183.2	5974300.8	335.4
23/11/2011 19:11	53.911487	-1.840267	576179.6	5974296.8	335.8
23/11/2011 19:11	53.911457	-1.840326	576175.7	5974293.4	336.1
23/11/2011 19:11	53.911424	-1.84038	576172.2	5974289.7	336.4
23/11/2011 19:11	53.911357	-1.840505	576164.2	5974282.1	337.1
23/11/2011 19:11	53.911314	-1.840585	576159	5974277.2	337.5
23/11/2011 19:11	53.911265	-1.84066	576154.1	5974271.7	337.9
23/11/2011 19:11	53.911224	-1.840734	576149.4	5974267	338.2
23/11/2011 19:11	53.911193	-1.84079	576145.7	5974263.5	338.4
23/11/2011 19:11	53.911151	-1.84086	576141.2	5974258.8	338.7
23/11/2011 19:11	53.911113	-1.840933	576136.5	5974254.5	339
23/11/2011 19:11	53.911073	-1.841005	576131.8	5974250	339.3
23/11/2011 19:11	53.911035	-1.841084	576126.7	5974245.6	339.6
23/11/2011 19:11	53.911005	-1.841145	576122.8	5974242.2	339.8
23/11/2011 19:12	53.910976	-1.84121	576118.5	5974238.9	340.1
23/11/2011 19:12	53.910946	-1.841272	576114.5	5974235.5	340.4
23/11/2011 19:12	53.910912	-1.841357	576109	5974231.7	340.7
23/11/2011 19:12	53.910868	-1.841419	576105	5974226.7	341
23/11/2011 19:12	53.910836	-1.841493	576100.2	5974223.1	341.4
23/11/2011 19:12	53.910787	-1.841604	576093	5974217.5	342
23/11/2011 19:12	53.910762	-1.841677	576088.3	5974214.6	342.4
23/11/2011 19:12	53.910728	-1.841731	576084.8	5974210.8	342.7
23/11/2011 19:12	53.91069	-1.841798	576080.4	5974206.5	343
23/11/2011 19:12	53.91066	-1.841858	576076.6	5974203.1	343.2
23/11/2011 19:12	53.910629	-1.841923	576072.3	5974199.6	343.5
23/11/2011 19:12	53.910575	-1.841952	576070.5	5974193.5	343.8
23/11/2011 19:12	53.910526	-1.841963	576069.9	5974188.1	344.1
23/11/2011 19:12	53.91049	-1.842013	576066.7	5974184	344.3
23/11/2011 19:13	53.910463	-1.842081	576062.3	5974180.9	344.6
23/11/2011 19:13	53.910451	-1.842162	576057	5974179.5	344.8
23/11/2011 19:13	53.910422	-1.842227	576052.7	5974176.2	345
23/11/2011 19:13	53.910387	-1.842283	576049.1	5974172.3	345.2
23/11/2011 19:13	53.910337	-1.842374	576043.2	5974166.6	345.6
23/11/2011 19:13	53.910298	-1.842428	576039.8	5974162.2	345.8
23/11/2011 19:13	53.910262	-1.842499	576035.2	5974158.1	346.1
23/11/2011 19:13	53.91023	-1.842564	576031	5974154.5	346.3
23/11/2011 19:13	53.91019	-1.84263	576026.7	5974150	346.5
23/11/2011 19:13	53.91015	-1.842688	576023	5974145.5	346.7
23/11/2011 19:13	53.910113	-1.842739	576019.7	5974141.3	346.9
23/11/2011 19:13	53.910085	-1.842801	576015.7	5974138.1	347.1
23/11/2011 19:13	53.910047	-1.84285	576012.5	5974133.8	347.3
23/11/2011 19:13	53.910012	-1.842911	576008.6	5974129.9	347.5
23/11/2011 19:14	53.909971	-1.842969	576004.8	5974125.3	347.6
23/11/2011 19:14	53.90991	-1.843078	575997.8	5974118.3	347.9
23/11/2011 19:14	53.909879	-1.843148	575993.2	5974114.8	348.1
23/11/2011 19:14	53.909821	-1.843185	575990.9	5974108.3	348.3
23/11/2011 19:14	53.909764	-1.843201	575990	5974102	348.5
23/11/2011 19:14	53.909709	-1.843211	575989.4	5974095.8	348.6
23/11/2011 19:14	53.909663	-1.843245	575987.3	5974090.7	348.7
23/11/2011 19:14	53.909614	-1.843234	575988.1	5974085.2	348.9
23/11/2011 19:14	53.90958	-1.84329	575984.5	5974081.4	349
23/11/2011 19:15	53.909538	-1.843318	575982.7	5974076.7	349.1
23/11/2011 19:15	53.909495	-1.843341	575981.3	5974071.9	349.2
23/11/2011 19:15	53.909445	-1.843352	575980.6	5974066.3	349.3
23/11/2011 19:15	53.909399	-1.843369	575979.6	5974061.2	349.5
23/11/2011 19:15	53.90936	-1.843412	575976.8	5974056.8	349.6
23/11/2011 19:15	53.909317	-1.843447	575974.6	5974052	349.8
23/11/2011 19:15	53.90927	-1.843488	575972	5974046.7	349.9
23/11/2011 19:15	53.909229	-1.843543	575968.5	5974042.1	350.1
23/11/2011 19:15	53.909183	-1.843572	575966.6	5974036.9	350.2
23/11/2011 19:15	53.909138	-1.843592	575965.4	5974031.9	350.6
23/11/2011 19:16	53.909093	-1.843576	575966.5	5974026.9	350.9
23/11/2011 19:16	53.909044	-1.843593	575965.5	5974021.5	351.4
23/11/2011 19:16	53.909019	-1.843666	575960.8	5974018.6	351.7
23/11/2011 19:16	53.908977	-1.84371	575958	5974013.9	352.1
23/11/2011 19:16	53.908934	-1.843746	575955.7	5974009	352.6
23/11/2011 19:16	53.908897	-1.843791	575952.8	5974004.9	353
23/11/2011 19:16	53.908865	-1.843844	575949.4	5974001.3	353.4
23/11/2011 19:17	53.90883	-1.843912	575945	5973997.3	353.8
23/11/2011 19:17	53.908794	-1.84397	575941.2	5973993.2	354.2
23/11/2011 19:17	53.908754	-1.844006	575938.9	5973988.7	354.7
23/11/2011 19:17	53.908702	-1.843992	575939.9	5973983	355.1
23/11/2011 19:17	53.908646	-1.843972	575941.3	5973976.8	355.6
23/11/2011 19:17	53.908586	-1.843966	575941.9	5973970.1	356.2
23/11/2011 19:17	53.908523	-1.843982	575940.9	5973963.1	356.8
23/11/2011 19:17	53.908318	-1.843709	575959.2	5973940.6	358.1
23/11/2011 19:17	53.908314	-1.843804	575953	5973940	358.3
23/11/2011 19:17	53.908355	-1.843884	575947.7	5973944.5	358.1
23/11/2011 19:17	53.908304	-1.843898	575946.8	5973938.8	358.7
23/11/2011 19:18	53.908256	-1.843872	575948.6	5973933.5	359.1
23/11/2011 19:18	53.908219	-1.843818	575952.2	5973929.4	359.4
23/11/2011 19:18	53.908172	-1.843777	575955	5973924.2	359.8
23/11/2011 19:18	53.908107	-1.843759	575956.3	5973917	360.5
23/11/2011 19:19	53.90815	-1.843799	575953.6	5973921.8	360.1
23/11/2011 19:19	53.908196	-1.84384	575950.8	5973926.8	359.7
23/11/2011 19:19	53.908247	-1.843839	575950.8	5973932.5	359.1
23/11/2011 19:19	53.908412	-1.843755	575956	5973951	357.3
23/11/2011 19:19	53.90846	-1.843741	575956.9	5973956.3	356.8
23/11/2011 19:19	53.908513	-1.843736	575957.1	5973962.2	356.4
23/11/2011 19:19	53.908566	-1.843701	575959.3	5973968.2	355.8
23/11/2011 19:19	53.908592	-1.843636	575963.5	5973971.1	355.4
23/11/2011 19:20	53.908631	-1.843585	575966.8	5973975.5	355
23/11/2011 19:20	53.908628	-1.843691	575959.8	5973975.1	355.2
23/11/2011 19:20	53.908601	-1.843759	575955.4	5973972	355.6
23/11/2011 19:20	53.908556	-1.843832	575950.7	5973966.9	356.2
23/11/2011 19:20	53.908529	-1.843898	575946.4	5973963.8	356.6
23/11/2011 19:21	53.908522	-1.843987	575940.6	5973963	356.8
23/11/2011 19:21	53.908513	-1.844064	575935.5	5973961.9	357.1
23/11/2011 19:21	53.908467	-1.844145	575930.3	5973956.7	357.7
23/11/2011 19:21	53.908409	-1.844178	575928.2	5973950.2	358.3
23/11/2011 19:21	53.908354	-1.844212	575926.1	5973944	358.8
23/11/2011 19:21	53.908303	-1.844239	575924.4	5973938.3	359.2
23/11/2011 19:21	53.908244	-1.844276	575922.1	5973931.7	359.9
23/11/2011 19:21	53.908198	-1.844306	575920.2	5973926.6	360.3
23/11/2011 19:21	53.908157	-1.84434	575918.1	5973922	360.8
23/11/2011 19:21	53.908103	-1.844382	575915.4	5973915.9	361.4
23/11/2011 19:21	53.908061	-1.844412	575913.5	5973911.2	361.8
23/11/2011 19:21	53.908004	-1.844453	575910.9	5973904.8	362.5
23/11/2011 19:21	53.90795	-1.84448	575909.2	5973898.8	363.1
23/11/2011 19:21	53.907899	-1.84452	575906.7	5973893.1	363.7
23/11/2011 19:22	53.907852	-1.844545	575905.1	5973887.8	364.3
23/11/2011 19:22	53.907801	-1.844564	575904	5973882.1	364.9
23/11/2011 19:22	53.90775	-1.844598	575901.9	5973876.4	365.5
23/11/2011 19:22	53.907696	-1.844619	575900.6	5973870.4	366.2
23/11/2011 19:22	53.907641	-1.844616	575900.9	5973864.3	366.8
23/11/2011 19:22	53.907589	-1.844624	575900.4	5973858.5	367.5
23/11/2011 19:22	53.907533	-1.844627	575900.3	5973852.2	368.2
23/11/2011 19:22	53.907474	-1.844631	575900.2	5973845.7	368.8
23/11/2011 19:22	53.907418	-1.844649	575899.1	5973839.4	369.3
23/11/2011 19:22	53.907354	-1.844669	575897.9	5973832.3	369.8
23/11/2011 19:22	53.907296	-1.844684	575897	5973825.8	370.3
23/11/2011 19:22	53.907227	-1.844708	575895.6	5973818.1	370.9
23/11/2011 19:22	53.907173	-1.84473	575894.2	5973812.1	371.4
23/11/2011 19:22	53.907122	-1.844757	575892.5	5973806.4	371.9
23/11/2011 19:23	53.907069	-1.844795	575890.1	5973800.4	372.4
23/11/2011 19:23	53.907015	-1.844826	575888.2	5973794.4	372.9
23/11/2011 19:23	53.906909	-1.844888	575884.3	5973782.5	373.8
23/11/2011 19:23	53.906854	-1.844911	575882.9	5973776.4	374.3
23/11/2011 19:23	53.90681	-1.844932	575881.6	5973771.5	374.7
23/11/2011 19:23	53.906767	-1.844962	575879.7	5973766.7	375.1
23/11/2011 19:23	53.906724	-1.844993	575877.8	5973761.8	375.5
23/11/2011 19:23	53.906673	-1.845027	575875.6	5973756.1	376
23/11/2011 19:23	53.906618	-1.845061	575873.5	5973750	376.2
23/11/2011 19:23	53.906562	-1.845224	575862.9	5973743.6	376.7
23/11/2011 19:23	53.906572	-1.845322	575856.4	5973744.6	376.9
23/11/2011 19:23	53.906578	-1.845399	575851.4	5973745.2	377.1
23/11/2011 19:23	53.906577	-1.845491	575845.3	5973745	377.3
23/11/2011 19:23	53.906578	-1.84557	575840.1	5973745	377.5
23/11/2011 19:24	53.906578	-1.845652	575834.7	5973744.9	377.7
23/11/2011 19:24	53.906591	-1.845793	575825.4	5973746.2	378
23/11/2011 19:24	53.906619	-1.845894	575818.8	5973749.2	378.2
23/11/2011 19:24	53.90667	-1.845878	575819.7	5973754.9	378.1
23/11/2011 19:24	53.906746	-1.845831	575822.7	5973763.4	377.2
23/11/2011 19:25	53.906792	-1.845769	575826.7	5973768.6	376.7
23/11/2011 19:25	53.906833	-1.845625	575836	5973773.3	376
23/11/2011 19:25	53.906814	-1.845544	575841.4	5973771.3	376
23/11/2011 19:25	53.906768	-1.84551	575843.7	5973766.2	376.3
23/11/2011 19:25	53.906714	-1.845504	575844.2	5973760.2	376.8
23/11/2011 19:25	53.906666	-1.845477	575846.1	5973754.9	377.1
23/11/2011 19:25	53.906615	-1.845433	575849.1	5973749.3	377.1
23/11/2011 19:25	53.906579	-1.845373	575853.1	5973745.3	377
23/11/2011 19:25	53.906543	-1.845307	575857.5	5973741.4	376.9
23/11/2011 19:25	53.906524	-1.845216	575863.5	5973739.4	376.7
23/11/2011 19:25	53.906524	-1.845117	575870	5973739.5	376.5
23/11/2011 19:26	53.906577	-1.845022	575876.1	5973745.5	376.2
23/11/2011 19:26	53.90662	-1.844993	575878	5973750.3	376
23/11/2011 19:26	53.906747	-1.844913	575883	5973764.5	375.2
23/11/2011 19:26	53.906801	-1.844878	575885.2	5973770.5	374.7
23/11/2011 19:26	53.906853	-1.844842	575887.4	5973776.4	374.2
23/11/2011 19:26	53.906911	-1.844812	575889.3	5973782.8	373.7
23/11/2011 19:26	53.906977	-1.844778	575891.4	5973790.2	373.1
23/11/2011 19:26	53.907035	-1.844745	575893.5	5973796.7	372.6
23/11/2011 19:26	53.907093	-1.844708	575895.8	5973803.2	372.1
23/11/2011 19:26	53.90715	-1.844669	575898.3	5973809.6	371.5
23/11/2011 19:26	53.907207	-1.844641	575900	5973816	371
23/11/2011 19:26	53.907268	-1.844623	575901.1	5973822.8	370.5
23/11/2011 19:26	53.907327	-1.84461	575901.8	5973829.3	370
23/11/2011 19:26	53.907383	-1.844595	575902.7	5973835.6	369.5
23/11/2011 19:26	53.907448	-1.844592	575902.8	5973842.8	368.9
23/11/2011 19:26	53.907517	-1.844602	575902	5973850.5	368.3
23/11/2011 19:26	53.907618	-1.844615	575901	5973861.7	367.1
23/11/2011 19:26	53.907679	-1.844628	575900	5973868.5	366.4
23/11/2011 19:27	53.907743	-1.844635	575899.4	5973875.6	365.6
23/11/2011 19:27	53.907809	-1.844633	575899.4	5973882.9	364.8
23/11/2011 19:27	53.907965	-1.844609	575900.7	5973900.3	362.9
23/11/2011 19:27	53.90809	-1.844562	575903.6	5973914.3	361.4
23/11/2011 19:27	53.90815	-1.844523	575906.1	5973921	360.7
23/11/2011 19:27	53.908277	-1.84446	575910	5973935.2	359.3
23/11/2011 19:27	53.908338	-1.844419	575912.5	5973942	358.7
23/11/2011 19:27	53.9084	-1.844385	575914.7	5973949	358.2
23/11/2011 19:27	53.908461	-1.844346	575917.1	5973955.8	357.7
23/11/2011 19:27	53.908614	-1.844255	575922.8	5973972.9	356.3
23/11/2011 19:27	53.908705	-1.844212	575925.5	5973983.1	355.5
23/11/2011 19:27	53.908856	-1.844136	575930.2	5974000	353.9
23/11/2011 19:27	53.908994	-1.84406	575934.9	5974015.4	352.5
23/11/2011 19:27	53.90905	-1.844033	575936.6	5974021.6	351.9
23/11/2011 19:27	53.909104	-1.843999	575938.7	5974027.7	351.4
23/11/2011 19:27	53.909158	-1.843978	575940	5974033.7	350.9
23/11/2011 19:27	53.909208	-1.84395	575941.8	5974039.3	350.6
23/11/2011 19:27	53.909265	-1.843922	575943.5	5974045.7	350.4
23/11/2011 19:27	53.909317	-1.843885	575945.8	5974051.5	350.2
23/11/2011 19:27	53.909371	-1.843852	575947.9	5974057.6	350
23/11/2011 19:27	53.909424	-1.843817	575950.1	5974063.5	349.8
23/11/2011 19:27	53.909474	-1.843792	575951.7	5974069.1	349.6
23/11/2011 19:28	53.909523	-1.843753	575954.1	5974074.6	349.4
23/11/2011 19:28	53.909572	-1.843708	575957	5974080.1	349.3
23/11/2011 19:28	53.909623	-1.843668	575959.5	5974085.8	349.1
23/11/2011 19:28	53.909672	-1.843631	575961.9	5974091.3	348.9
23/11/2011 19:28	53.909722	-1.843595	575964.2	5974096.9	348.8
23/11/2011 19:28	53.909772	-1.843559	575966.4	5974102.5	348.6
23/11/2011 19:28	53.909821	-1.843523	575968.7	5974108	348.5
23/11/2011 19:28	53.909872	-1.843491	575970.7	5974113.7	348.3
23/11/2011 19:28	53.909917	-1.843448	575973.5	5974118.7	348.2
23/11/2011 19:28	53.909963	-1.843403	575976.3	5974123.9	348.1
23/11/2011 19:28	53.910006	-1.843354	575979.5	5974128.7	348
23/11/2011 19:28	53.910047	-1.843297	575983.1	5974133.4	347.8
23/11/2011 19:28	53.910086	-1.843231	575987.4	5974137.8	347.7
23/11/2011 19:28	53.910122	-1.843166	575991.6	5974141.8	347.5
23/11/2011 19:28	53.910162	-1.843095	575996.2	5974146.4	347.3
23/11/2011 19:28	53.910198	-1.843028	576000.5	5974150.4	347.1
23/11/2011 19:28	53.910243	-1.842962	576004.8	5974155.5	346.8
23/11/2011 19:28	53.910292	-1.842885	576009.8	5974161.1	346.6
23/11/2011 19:28	53.910333	-1.842823	576013.8	5974165.7	346.3
23/11/2011 19:28	53.910371	-1.842752	576018.4	5974170	346.1
23/11/2011 19:28	53.910408	-1.842683	576022.8	5974174.2	345.9
23/11/2011 19:28	53.910448	-1.842619	576027	5974178.7	345.6
23/11/2011 19:28	53.910487	-1.842548	576031.5	5974183.1	345.3
23/11/2011 19:28	53.910529	-1.842472	576036.5	5974187.9	345
23/11/2011 19:28	53.910569	-1.842393	576041.6	5974192.4	344.7
23/11/2011 19:28	53.910604	-1.842322	576046.2	5974196.4	344.5
23/11/2011 19:28	53.910641	-1.842253	576050.6	5974200.6	344.2
23/11/2011 19:28	53.910676	-1.84218	576055.4	5974204.5	343.9
23/11/2011 19:28	53.910712	-1.842108	576060	5974208.6	343.6
23/11/2011 19:28	53.910745	-1.842035	576064.8	5974212.4	343.3
23/11/2011 19:29	53.910778	-1.84196	576069.6	5974216.1	342.9
23/11/2011 19:29	53.910812	-1.841892	576074	5974220	342.6
23/11/2011 19:29	53.910847	-1.841821	576078.6	5974223.9	342.3
23/11/2011 19:29	53.910882	-1.84175	576083.2	5974227.9	342.1
23/11/2011 19:29	53.910916	-1.841681	576087.7	5974231.8	341.8
23/11/2011 19:29	53.910954	-1.841616	576091.9	5974236.1	341.5
23/11/2011 19:29	53.91099	-1.841537	576097	5974240.2	341.2
23/11/2011 19:29	53.911031	-1.841457	576102.2	5974244.8	340.8
23/11/2011 19:29	53.911069	-1.841387	576106.7	5974249.1	340.5
23/11/2011 19:29	53.911106	-1.841332	576110.3	5974253.3	340.3
23/11/2011 19:29	53.911136	-1.841267	576114.5	5974256.7	340
23/11/2011 19:29	53.911169	-1.841199	576118.9	5974260.4	339.7
23/11/2011 19:29	53.911204	-1.841128	576123.5	5974264.4	339.5
23/11/2011 19:29	53.911239	-1.84106	576127.9	5974268.4	339.2
23/11/2011 19:29	53.911276	-1.840992	576132.3	5974272.6	338.9
23/11/2011 19:29	53.911313	-1.840931	576136.3	5974276.7	338.7
23/11/2011 19:29	53.911346	-1.840859	576140.9	5974280.5	338.5
23/11/2011 19:29	53.911382	-1.840789	576145.5	5974284.6	338.2
23/11/2011 19:29	53.911418	-1.840728	576149.4	5974288.6	337.9
23/11/2011 19:29	53.911455	-1.840661	576153.7	5974292.8	337.5
23/11/2011 19:29	53.911489	-1.840595	576158	5974296.7	337.2
23/11/2011 19:29	53.911522	-1.840527	576162.4	5974300.4	336.8
23/11/2011 19:29	53.911555	-1.840459	576166.8	5974304.2	336.5
23/11/2011 19:29	53.911591	-1.84039	576171.3	5974308.2	336.1
23/11/2011 19:29	53.911628	-1.840322	576175.7	5974312.4	335.6
23/11/2011 19:29	53.911664	-1.840254	576180.1	5974316.5	335.2
23/11/2011 19:29	53.911699	-1.840184	576184.6	5974320.5	334.8
23/11/2011 19:29	53.911739	-1.840117	576188.9	5974325	334.3
23/11/2011 19:29	53.911777	-1.840045	576193.6	5974329.3	333.8
23/11/2011 19:29	53.911814	-1.839985	576197.5	5974333.5	333.4
23/11/2011 19:30	53.911851	-1.839923	576201.5	5974337.7	333
23/11/2011 19:30	53.911887	-1.839853	576206	5974341.8	332.5
23/11/2011 19:30	53.911921	-1.83978	576210.8	5974345.6	332.1
23/11/2011 19:30	53.911957	-1.839706	576215.5	5974349.7	331.5
23/11/2011 19:30	53.911994	-1.839638	576219.9	5974353.9	331
23/11/2011 19:30	53.912032	-1.839572	576224.2	5974358.2	330.5
23/11/2011 19:30	53.912071	-1.839499	576228.9	5974362.6	329.9
23/11/2011 19:30	53.912109	-1.83943	576233.4	5974366.9	329.3
23/11/2011 19:30	53.912142	-1.839362	576237.8	5974370.7	328.7
23/11/2011 19:30	53.912049	-1.839371	576237.4	5974360.3	329.3
23/11/2011 19:30	53.911959	-1.839409	576235.1	5974350.2	330.1
23/11/2011 19:30	53.911904	-1.839416	576234.7	5974344.1	330.4
23/11/2011 19:30	53.911862	-1.839354	576238.8	5974339.5	330.4
23/11/2011 19:31	53.91185	-1.839276	576244	5974338.3	330.2
23/11/2011 19:31	53.911828	-1.839121	576254.2	5974336	329.6
23/11/2011 19:31	53.911814	-1.839032	576260.1	5974334.5	329.1
23/11/2011 19:31	53.911813	-1.838953	576265.3	5974334.5	328.7
23/11/2011 19:31	53.911825	-1.83887	576270.7	5974335.9	328
23/11/2011 19:31	53.911846	-1.838798	576275.4	5974338.3	327.4
23/11/2011 19:31	53.911801	-1.838738	576279.4	5974333.4	327.5
23/11/2011 19:31	53.911781	-1.83865	576285.2	5974331.3	327.2
23/11/2011 19:31	53.911792	-1.838571	576290.4	5974332.6	326.6
23/11/2011 19:31	53.911752	-1.838449	576298.5	5974328.2	326.4
23/11/2011 19:32	53.91171	-1.838404	576301.5	5974323.6	326.7
23/11/2011 19:32	53.911681	-1.838345	576305.4	5974320.5	326.9
23/11/2011 19:32	53.911694	-1.838186	576315.9	5974322.1	326
23/11/2011 19:32	53.911691	-1.838107	576321.1	5974321.8	325.8
23/11/2011 19:32	53.911672	-1.837975	576329.8	5974319.9	325.6
23/11/2011 19:32	53.911638	-1.837911	576334	5974316.1	325.8
23/11/2011 19:32	53.9116	-1.837847	576338.3	5974312	325.9
23/11/2011 19:32	53.911561	-1.837778	576342.9	5974307.7	326.1
23/11/2011 19:32	53.911536	-1.837689	576348.8	5974305	326.1
23/11/2011 19:32	53.911518	-1.837616	576353.6	5974303.1	326
23/11/2011 19:32	53.911493	-1.837548	576358.1	5974300.4	326
23/11/2011 19:32	53.911467	-1.837478	576362.8	5974297.6	326
23/11/2011 19:32	53.911436	-1.837413	576367.1	5974294.2	326
23/11/2011 19:32	53.911406	-1.837352	576371.2	5974290.9	325.9
23/11/2011 19:32	53.911384	-1.837258	576377.4	5974288.6	325.6
23/11/2011 19:33	53.911351	-1.837177	576382.8	5974285	325.5
23/11/2011 19:33	53.911315	-1.83706	576390.5	5974281.1	325.3
23/11/2011 19:33	53.911287	-1.836941	576398.4	5974278.1	325
23/11/2011 19:33	53.91127	-1.836842	576404.9	5974276.4	324.7
23/11/2011 19:33	53.911251	-1.836727	576412.5	5974274.4	324.3
23/11/2011 19:33	53.911213	-1.83656	576423.5	5974270.3	323.9
23/11/2011 19:33	53.911178	-1.836447	576431	5974266.5	323.8
23/11/2011 19:33	53.911154	-1.836373	576435.9	5974264	323.7
23/11/2011 19:33	53.911146	-1.836224	576445.7	5974263.2	323
23/11/2011 19:33	53.911125	-1.836156	576450.2	5974261	322.9
23/11/2011 19:33	53.911101	-1.836087	576454.8	5974258.4	322.9
23/11/2011 19:33	53.911073	-1.836017	576459.5	5974255.3	323
23/11/2011 19:33	53.911049	-1.835947	576464.1	5974252.7	323
23/11/2011 19:34	53.91102	-1.835881	576468.5	5974249.6	323.1
23/11/2011 19:34	53.910974	-1.835812	576473.1	5974244.5	323.6
23/11/2011 19:34	53.910941	-1.835756	576476.9	5974240.9	324.2
23/11/2011 19:34	53.910896	-1.835689	576481.3	5974236	325
23/11/2011 19:34	53.910822	-1.835663	576483.2	5974227.8	326.1
23/11/2011 19:34	53.910774	-1.835667	576483	5974222.4	326.7
23/11/2011 19:34	53.910724	-1.835675	576482.6	5974216.9	327.2
23/11/2011 19:34	53.910674	-1.83567	576483	5974211.3	327.8
23/11/2011 19:34	53.910639	-1.8356	576487.7	5974207.5	328.2
23/11/2011 19:34	53.910665	-1.835476	576495.8	5974210.5	327.9
23/11/2011 19:34	53.91069	-1.835389	576501.4	5974213.4	327.6
23/11/2011 19:34	53.910698	-1.835301	576507.2	5974214.4	327.6
23/11/2011 19:34	53.910705	-1.835217	576512.7	5974215.2	327.5
23/11/2011 19:34	53.910712	-1.835125	576518.7	5974216.1	327.4
23/11/2011 19:34	53.910712	-1.835033	576524.8	5974216.2	327.5
23/11/2011 19:35	53.910713	-1.834937	576531.1	5974216.4	327.6
23/11/2011 19:35	53.91074	-1.834875	576535.1	5974219.5	327.5
23/11/2011 19:35	53.910786	-1.834854	576536.4	5974224.7	327.1
23/11/2011 19:35	53.910832	-1.834817	576538.7	5974229.8	326.7
23/11/2011 19:35	53.910886	-1.834795	576540.1	5974235.8	326.1
23/11/2011 19:35	53.910933	-1.834779	576541	5974241.1	325.6
23/11/2011 19:36	53.910986	-1.83476	576542.2	5974247	325
23/11/2011 19:36	53.911033	-1.834729	576544.1	5974252.3	324.6
23/11/2011 19:36	53.911074	-1.834672	576547.8	5974256.9	324.4
23/11/2011 19:36	53.911113	-1.834613	576551.6	5974261.3	324.3
23/11/2011 19:36	53.911157	-1.834549	576555.7	5974266.3	324.2
23/11/2011 19:36	53.911192	-1.834484	576559.9	5974270.2	324.3
23/11/2011 19:36	53.91122	-1.834405	576565.1	5974273.4	324.6
23/11/2011 19:36	53.911255	-1.834342	576569.2	5974277.4	324.7
23/11/2011 19:36	53.911281	-1.834265	576574.2	5974280.4	325
23/11/2011 19:36	53.911287	-1.834179	576579.8	5974281.1	325.6
23/11/2011 19:36	53.911307	-1.8341	576585	5974283.4	325.8
23/11/2011 19:36	53.911326	-1.834021	576590.1	5974285.6	325.9
23/11/2011 19:36	53.911338	-1.833935	576595.7	5974287.1	326.1
23/11/2011 19:36	53.911357	-1.833826	576602.9	5974289.3	326.3
23/11/2011 19:36	53.911365	-1.833733	576609	5974290.3	326.5
23/11/2011 19:37	53.911363	-1.833646	576614.7	5974290.1	326.8
23/11/2011 19:37	53.911368	-1.833516	576623.2	5974290.8	327.2
23/11/2011 19:37	53.911387	-1.833399	576630.9	5974293.1	327.5
23/11/2011 19:37	53.911399	-1.833306	576636.9	5974294.5	327.6
23/11/2011 19:37	53.911411	-1.833213	576643	5974296	327.5
23/11/2011 19:37	53.911419	-1.833118	576649.3	5974296.9	327.5
23/11/2011 19:37	53.911423	-1.833023	576655.5	5974297.5	327.4
23/11/2011 19:37	53.911419	-1.832932	576661.5	5974297.2	327.4
23/11/2011 19:37	53.911429	-1.832849	576666.9	5974298.4	327.3
23/11/2011 19:37	53.91144	-1.832752	576673.3	5974299.7	327.2
23/11/2011 19:37	53.911439	-1.832654	576679.7	5974299.7	327.2
23/11/2011 19:37	53.911442	-1.832558	576686	5974300.1	327.2
23/11/2011 19:37	53.911448	-1.832466	576692	5974300.9	327.1
23/11/2011 19:37	53.911437	-1.832374	576698.1	5974299.8	327.1
23/11/2011 19:38	53.911422	-1.832285	576704	5974298.2	327.2
23/11/2011 19:38	53.911418	-1.832198	576709.7	5974297.8	327.2
23/11/2011 19:38	53.911408	-1.832098	576716.3	5974296.8	327.3
23/11/2011 19:38	53.911391	-1.832008	576722.2	5974295	327.4
23/11/2011 19:38	53.91138	-1.831927	576727.6	5974293.9	327.5
23/11/2011 19:38	53.911369	-1.831842	576733.2	5974292.8	327.6
23/11/2011 19:38	53.911358	-1.83173	576740.5	5974291.7	327.7
23/11/2011 19:38	53.911341	-1.83164	576746.5	5974289.9	327.9
23/11/2011 19:38	53.91133	-1.831545	576752.7	5974288.7	327.9
23/11/2011 19:38	53.911311	-1.831455	576758.7	5974286.7	328
23/11/2011 19:38	53.911285	-1.831371	576764.3	5974283.9	328.2
23/11/2011 19:38	53.91127	-1.831277	576770.5	5974282.4	328.3
23/11/2011 19:38	53.911256	-1.831188	576776.3	5974280.9	328.4
23/11/2011 19:38	53.911246	-1.831096	576782.4	5974279.9	328.4
23/11/2011 19:38	53.911237	-1.831005	576788.4	5974279	328.4
23/11/2011 19:39	53.911228	-1.830905	576795	5974278.1	328.4
23/11/2011 19:39	53.911212	-1.830808	576801.4	5974276.4	328.4
23/11/2011 19:39	53.9112	-1.830715	576807.5	5974275.2	328.5
23/11/2011 19:39	53.91119	-1.830625	576813.4	5974274.2	328.6
23/11/2011 19:39	53.911176	-1.830507	576821.2	5974272.7	328.7
23/11/2011 19:39	53.91117	-1.830409	576827.7	5974272.2	328.8
23/11/2011 19:39	53.911157	-1.830319	576833.6	5974270.8	328.9
23/11/2011 19:39	53.911137	-1.830231	576839.4	5974268.7	329.1
23/11/2011 19:39	53.911128	-1.830136	576845.7	5974267.8	329.2
23/11/2011 19:39	53.911122	-1.830061	576850.6	5974267.2	329.2
23/11/2011 19:40	53.911112	-1.829972	576856.5	5974266.2	329.3
23/11/2011 19:40	53.911114	-1.82989	576861.8	5974266.5	329.3
23/11/2011 19:40	53.91113	-1.829809	576867.1	5974268.4	329.2
23/11/2011 19:40	53.911137	-1.829722	576872.8	5974269.3	329.1
23/11/2011 19:40	53.911161	-1.829645	576877.9	5974272	328.8
23/11/2011 19:40	53.911177	-1.829557	576883.6	5974273.9	328.6
23/11/2011 19:40	53.911189	-1.829467	576889.5	5974275.3	328.4
23/11/2011 19:40	53.911207	-1.829328	576898.6	5974277.5	328.2
23/11/2011 19:40	53.91122	-1.82918	576908.3	5974279.1	328
23/11/2011 19:40	53.911229	-1.829104	576913.3	5974280.2	327.9
23/11/2011 19:40	53.911244	-1.82903	576918.1	5974281.9	327.8
23/11/2011 19:40	53.911257	-1.828952	576923.2	5974283.4	327.7
23/11/2011 19:40	53.911272	-1.828856	576929.5	5974285.2	327.5
23/11/2011 19:40	53.911281	-1.828781	576934.4	5974286.3	327.5
23/11/2011 19:40	53.911298	-1.828685	576940.7	5974288.3	327.4
23/11/2011 19:41	53.911325	-1.828492	576953.3	5974291.5	327.3
23/11/2011 19:41	53.911332	-1.828393	576959.8	5974292.4	327.3
23/11/2011 19:41	53.911336	-1.828305	576965.5	5974292.9	327.4
23/11/2011 19:41	53.911349	-1.828211	576971.7	5974294.5	327.3
23/11/2011 19:41	53.911368	-1.828068	576981.1	5974296.7	327.3
23/11/2011 19:41	53.911373	-1.827978	576987	5974297.4	327.3
23/11/2011 19:41	53.91138	-1.827881	576993.3	5974298.3	327.3
23/11/2011 19:41	53.911375	-1.827785	576999.6	5974297.8	327.5
23/11/2011 19:41	53.911376	-1.827696	577005.5	5974298	327.6
23/11/2011 19:41	53.911374	-1.827599	577011.9	5974297.9	327.7
23/11/2011 19:41	53.911365	-1.827505	577018	5974297	328
23/11/2011 19:41	53.911362	-1.827412	577024.2	5974296.8	328.1
23/11/2011 19:41	53.911348	-1.827323	577030	5974295.3	328.4
23/11/2011 19:42	53.911338	-1.827233	577036	5974294.3	328.7
23/11/2011 19:42	53.911332	-1.82714	577042.1	5974293.8	328.8
23/11/2011 19:42	53.911321	-1.827051	577047.9	5974292.6	329.1
23/11/2011 19:42	53.911307	-1.826967	577053.5	5974291.2	329.4
23/11/2011 19:42	53.911294	-1.826886	577058.8	5974289.8	329.7
23/11/2011 19:42	53.911274	-1.826804	577064.3	5974287.7	330
23/11/2011 19:42	53.911277	-1.826718	577069.9	5974288.1	330.1
23/11/2011 19:42	53.911286	-1.826642	577074.9	5974289.2	330
23/11/2011 19:42	53.911292	-1.826544	577081.3	5974289.9	330
23/11/2011 19:42	53.91129	-1.826448	577087.6	5974289.8	330.1
23/11/2011 19:42	53.911285	-1.826372	577092.6	5974289.4	330.3
23/11/2011 19:42	53.911282	-1.82627	577099.3	5974289.1	330.4
23/11/2011 19:42	53.911281	-1.826192	577104.4	5974289.1	330.4
23/11/2011 19:42	53.911271	-1.826117	577109.4	5974288.1	330.6
23/11/2011 19:42	53.911266	-1.826042	577114.3	5974287.6	330.7
23/11/2011 19:42	53.91126	-1.825946	577120.6	5974287	330.8
23/11/2011 19:43	53.911251	-1.825852	577126.8	5974286.1	331
23/11/2011 19:43	53.911253	-1.825762	577132.7	5974286.5	331
23/11/2011 19:43	53.911261	-1.82567	577138.8	5974287.4	331
23/11/2011 19:43	53.911247	-1.825576	577145	5974286	331.2
23/11/2011 19:43	53.911238	-1.825478	577151.4	5974285.1	331.3
23/11/2011 19:43	53.911239	-1.825378	577158	5974285.3	331.4
23/11/2011 19:43	53.911227	-1.825287	577164	5974284.1	331.6
23/11/2011 19:43	53.911222	-1.825194	577170.1	5974283.6	331.7
23/11/2011 19:43	53.911211	-1.825109	577175.7	5974282.5	331.8
23/11/2011 19:43	53.911211	-1.825028	577181	5974282.6	331.9
23/11/2011 19:43	53.911214	-1.824879	577190.8	5974283.1	332.2
23/11/2011 19:43	53.911212	-1.82479	577196.7	5974283	332.5
23/11/2011 19:43	53.911214	-1.824703	577202.4	5974283.3	332.8
23/11/2011 19:43	53.911218	-1.824626	577207.4	5974283.8	333
23/11/2011 19:43	53.911217	-1.824547	577212.6	5974283.8	333.2
23/11/2011 19:44	53.911211	-1.824456	577218.6	5974283.2	333.5
23/11/2011 19:44	53.911189	-1.824372	577224.2	5974280.9	334
23/11/2011 19:44	53.911161	-1.82431	577228.3	5974277.8	334.4
23/11/2011 19:44	53.911171	-1.824223	577234	5974279	334.6
23/11/2011 19:44	53.91119	-1.824148	577238.9	5974281.2	334.6
23/11/2011 19:44	53.911218	-1.824072	577243.8	5974284.4	334.6
23/11/2011 19:44	53.911252	-1.824002	577248.3	5974288.3	334.5
23/11/2011 19:44	53.911285	-1.823934	577252.7	5974292	334.4
23/11/2011 19:44	53.911318	-1.823868	577257	5974295.8	334.2
23/11/2011 19:44	53.911352	-1.823798	577261.6	5974299.6	334.1
23/11/2011 19:44	53.911369	-1.823708	577267.4	5974301.6	334.2
23/11/2011 19:44	53.911376	-1.823604	577274.3	5974302.5	334.4
23/11/2011 19:45	53.911389	-1.823449	577284.4	5974304.1	334.7
23/11/2011 19:45	53.911393	-1.823364	577290	5974304.6	334.9
23/11/2011 19:45	53.911409	-1.823288	577295	5974306.5	334.9
23/11/2011 19:45	53.911425	-1.823208	577300.2	5974308.4	334.9
23/11/2011 19:45	53.911434	-1.823121	577305.9	5974309.5	335
23/11/2011 19:45	53.911453	-1.823016	577312.7	5974311.7	335.1
23/11/2011 19:45	53.911467	-1.822928	577318.5	5974313.4	335.1
23/11/2011 19:45	53.911466	-1.82284	577324.3	5974313.3	335.4
23/11/2011 19:45	53.911465	-1.822758	577329.7	5974313.3	335.6
23/11/2011 19:45	53.911474	-1.822671	577335.4	5974314.4	335.7
23/11/2011 19:45	53.911475	-1.822583	577341.1	5974314.6	335.9
23/11/2011 19:45	53.911472	-1.822498	577346.7	5974314.4	336.1
23/11/2011 19:45	53.911473	-1.822405	577352.8	5974314.6	336.1
23/11/2011 19:45	53.911466	-1.822309	577359.2	5974313.9	336.1
23/11/2011 19:45	53.911468	-1.822216	577365.3	5974314.2	336
23/11/2011 19:46	53.911466	-1.822125	577371.2	5974314.1	336
23/11/2011 19:46	53.911472	-1.822038	577376.9	5974314.9	335.9
23/11/2011 19:46	53.911486	-1.821945	577383	5974316.5	335.7
23/11/2011 19:46	53.911486	-1.821848	577389.4	5974316.6	335.7
23/11/2011 19:46	53.911488	-1.821757	577395.4	5974317	335.6
23/11/2011 19:46	53.911497	-1.821663	577401.5	5974318.1	335.4
23/11/2011 19:46	53.911502	-1.82157	577407.6	5974318.7	335.4
23/11/2011 19:46	53.911506	-1.821441	577416.1	5974319.3	335.4
23/11/2011 19:46	53.911547	-1.821399	577418.8	5974323.9	334.8
23/11/2011 19:46	53.911536	-1.821318	577424.1	5974322.8	334.9
23/11/2011 19:47	53.91159	-1.821308	577424.7	5974328.8	334.1
23/11/2011 19:47	53.911637	-1.821302	577425	5974334	333.4
23/11/2011 19:48	53.911676	-1.821238	577429.1	5974338.5	332.8
23/11/2011 19:48	53.911709	-1.821183	577432.7	5974342.2	332.2
23/11/2011 19:48	53.911748	-1.821126	577436.3	5974346.6	331.5
23/11/2011 19:48	53.911801	-1.821045	577441.6	5974352.6	330.5
23/11/2011 19:48	53.911844	-1.820983	577445.6	5974357.4	329.8
23/11/2011 19:48	53.911889	-1.820931	577448.9	5974362.5	329
23/11/2011 19:48	53.911936	-1.820881	577452.1	5974367.8	328.1
23/11/2011 19:48	53.911976	-1.820837	577454.9	5974372.3	327.4
23/11/2011 19:48	53.912014	-1.820795	577457.6	5974376.5	326.9
23/11/2011 19:48	53.912051	-1.820732	577461.7	5974380.7	326.4
23/11/2011 19:48	53.912086	-1.820679	577465.1	5974384.7	325.9
23/11/2011 19:48	53.912133	-1.820623	577468.7	5974390	325.3
23/11/2011 19:48	53.912179	-1.820569	577472.1	5974395.1	324.6
23/11/2011 19:48	53.912212	-1.820515	577475.6	5974398.9	324.2
23/11/2011 19:48	53.912243	-1.820457	577479.4	5974402.4	323.8
23/11/2011 19:49	53.912276	-1.820394	577483.4	5974406.1	323.5
23/11/2011 19:49	53.912316	-1.820336	577487.2	5974410.6	323
23/11/2011 19:49	53.912353	-1.82028	577490.8	5974414.8	322.5
23/11/2011 19:49	53.912383	-1.820215	577495	5974418.2	322.2
23/11/2011 19:49	53.912403	-1.820138	577500	5974420.5	322.2
23/11/2011 19:49	53.912427	-1.820036	577506.7	5974423.3	322.1
23/11/2011 19:49	53.912449	-1.819958	577511.8	5974425.8	322.1
23/11/2011 19:49	53.912467	-1.819867	577517.7	5974427.9	322.2
23/11/2011 19:49	53.912484	-1.819782	577523.3	5974429.9	322.3
23/11/2011 19:49	53.912507	-1.819707	577528.1	5974432.6	322.3
23/11/2011 19:49	53.912504	-1.819621	577533.8	5974432.3	322.8
23/11/2011 19:49	53.91251	-1.819539	577539.2	5974433.1	323
23/11/2011 19:50	53.912525	-1.819449	577545	5974434.9	323.2
23/11/2011 19:50	53.912529	-1.819354	577551.3	5974435.4	323.6
23/11/2011 19:50	53.91254	-1.81926	577557.4	5974436.7	323.9
23/11/2011 19:50	53.912553	-1.819173	577563.1	5974438.3	324.1
23/11/2011 19:50	53.912569	-1.819085	577568.9	5974440.2	324.2
23/11/2011 19:50	53.912585	-1.818895	577581.3	5974442.1	324.8
23/11/2011 19:50	53.912608	-1.818821	577586.1	5974444.8	324.7
23/11/2011 19:50	53.912626	-1.818748	577590.9	5974446.9	324.7
23/11/2011 19:50	53.912624	-1.81865	577597.3	5974446.7	325.2
23/11/2011 19:50	53.912628	-1.818573	577602.4	5974447.3	325.5
23/11/2011 19:50	53.912641	-1.8185	577607.2	5974448.8	325.6
23/11/2011 19:51	53.912677	-1.818447	577610.6	5974452.9	325.1
23/11/2011 19:51	53.912741	-1.818394	577613.9	5974460	324.1
23/11/2011 19:51	53.912785	-1.818373	577615.2	5974465	323.4
23/11/2011 19:51	53.912833	-1.8184	577613.4	5974470.3	322.4
23/11/2011 19:51	53.91287	-1.818448	577610.2	5974474.3	321.5
23/11/2011 19:51	53.91291	-1.818505	577606.3	5974478.7	320.5
23/11/2011 19:51	53.91295	-1.818571	577601.9	5974483.1	319.5
23/11/2011 19:51	53.912993	-1.818637	577597.5	5974487.8	318.5
23/11/2011 19:51	53.913033	-1.818705	577593	5974492.2	317.6
23/11/2011 19:51	53.913081	-1.818799	577586.7	5974497.4	316.4
23/11/2011 19:51	53.913123	-1.818862	577582.5	5974502	315.4
23/11/2011 19:51	53.913163	-1.818923	577578.4	5974506.4	314.6
23/11/2011 19:51	53.913203	-1.818985	577574.3	5974510.8	313.7
23/11/2011 19:52	53.913239	-1.819031	577571.2	5974514.7	312.9
23/11/2011 19:52	53.913279	-1.819105	577566.2	5974519.1	312.1
23/11/2011 19:52	53.913318	-1.81918	577561.2	5974523.4	311.2
23/11/2011 19:52	53.913364	-1.819244	577557	5974528.4	309.5
23/11/2011 19:52	53.913467	-1.819326	577551.4	5974539.8	305.3
23/11/2011 19:52	53.913526	-1.819398	577546.5	5974546.3	302.9
23/11/2011 19:52	53.913561	-1.819459	577542.5	5974550.1	301.4
23/11/2011 19:52	53.913576	-1.819539	577537.2	5974551.7	300.7
23/11/2011 19:52	53.913598	-1.819612	577532.4	5974554.1	299.7
23/11/2011 19:52	53.913588	-1.81971	577525.9	5974552.8	299.8
23/11/2011 19:52	53.913589	-1.819801	577520	5974552.8	299.5
23/11/2011 19:52	53.913588	-1.819887	577514.3	5974552.6	299.3
23/11/2011 19:53	53.913618	-1.819958	577509.6	5974555.9	298.2
23/11/2011 19:53	53.913649	-1.820016	577505.7	5974559.3	297.1
23/11/2011 19:53	53.913683	-1.82008	577501.5	5974563	296.1
23/11/2011 19:53	53.913683	-1.820157	577496.4	5974562.9	296.1
23/11/2011 19:53	53.913722	-1.820211	577492.8	5974567.2	295
23/11/2011 19:53	53.913745	-1.820277	577488.4	5974569.7	294.3
23/11/2011 19:53	53.913789	-1.820354	577483.3	5974574.5	293.1
23/11/2011 19:54	53.913832	-1.8204	577480.2	5974579.2	291.9
23/11/2011 19:54	53.913877	-1.820455	577476.5	5974584.2	290.7
23/11/2011 19:54	53.913925	-1.820504	577473.2	5974589.5	289.5
23/11/2011 19:54	53.913975	-1.820575	577468.4	5974594.9	288.3
23/11/2011 19:54	53.914031	-1.820618	577465.5	5974601.1	286.9
23/11/2011 19:54	53.91408	-1.820545	577470.2	5974606.7	285.3
23/11/2011 19:54	53.914106	-1.820629	577464.6	5974609.5	284.9
23/11/2011 19:54	53.914152	-1.820646	577463.4	5974614.6	283.7
23/11/2011 19:54	53.914194	-1.820673	577461.6	5974619.2	282.5
23/11/2011 19:54	53.914237	-1.82071	577459.1	5974623.9	281.2
23/11/2011 19:55	53.914282	-1.820728	577457.8	5974628.9	279.7
23/11/2011 19:55	53.914335	-1.820768	577455.1	5974634.8	278.1
23/11/2011 19:55	53.914394	-1.820817	577451.7	5974641.3	276.3
23/11/2011 19:55	53.914452	-1.820855	577449.1	5974647.7	274.5
23/11/2011 19:55	53.914503	-1.820867	577448.2	5974653.4	272.9
23/11/2011 19:55	53.914553	-1.820872	577447.8	5974658.9	271.2
23/11/2011 19:55	53.914612	-1.820884	577446.9	5974665.5	269.4
23/11/2011 19:55	53.914659	-1.820892	577446.3	5974670.7	267.9
23/11/2011 19:55	53.914701	-1.820918	577444.5	5974675.3	266.7
23/11/2011 19:55	53.914754	-1.820963	577441.5	5974681.2	265.3
23/11/2011 19:56	53.914803	-1.821011	577438.2	5974686.6	264.1
23/11/2011 19:56	53.914837	-1.821086	577433.2	5974690.3	263.7
23/11/2011 19:56	53.914872	-1.821169	577427.7	5974694.1	263.4
23/11/2011 19:56	53.914928	-1.821265	577421.3	5974700.2	262.7
23/11/2011 19:56	53.914957	-1.821327	577417.2	5974703.4	262.5
23/11/2011 19:56	53.915026	-1.821449	577409.1	5974710.9	261.9
23/11/2011 19:56	53.915062	-1.82152	577404.3	5974714.8	261.5
23/11/2011 19:56	53.915108	-1.821605	577398.7	5974719.9	261
23/11/2011 19:56	53.915145	-1.821651	577395.6	5974723.9	260.3
23/11/2011 19:56	53.915185	-1.821692	577392.8	5974728.3	259.3
23/11/2011 19:56	53.915225	-1.821732	577390.1	5974732.7	258.2
23/11/2011 19:56	53.915267	-1.821778	577387	5974737.4	257.1
23/11/2011 19:56	53.915308	-1.82183	577383.5	5974741.9	256
23/11/2011 19:56	53.91534	-1.821899	577378.9	5974745.4	255.3
23/11/2011 19:56	53.915377	-1.821952	577375.4	5974749.4	254.4
23/11/2011 19:57	53.915459	-1.822005	577371.7	5974758.5	252.2
23/11/2011 19:57	53.915498	-1.822046	577369	5974762.8	251.2
23/11/2011 19:57	53.915543	-1.82208	577366.7	5974767.7	250
23/11/2011 19:57	53.91559	-1.822095	577365.6	5974773	248.7
23/11/2011 19:57	53.915642	-1.822095	577365.5	5974778.7	247.2
23/11/2011 19:57	53.915683	-1.822134	577362.9	5974783.3	246.2
23/11/2011 19:57	53.915738	-1.8222	577358.4	5974789.3	245
23/11/2011 19:57	53.915808	-1.822209	577357.7	5974797.1	243
23/11/2011 19:57	53.915861	-1.822242	577355.4	5974802.9	241.6
23/11/2011 19:57	53.915906	-1.822263	577354	5974807.9	240.2
23/11/2011 19:58	53.915956	-1.822276	577353	5974813.5	238.7
23/11/2011 19:58	53.916014	-1.822283	577352.5	5974819.9	236.8
23/11/2011 19:58	53.91609	-1.822299	577351.3	5974828.4	234.4
23/11/2011 19:58	53.916146	-1.822305	577350.8	5974834.6	232.6
23/11/2011 19:58	53.916243	-1.822278	577352.4	5974845.4	229.3
23/11/2011 19:58	53.916263	-1.822197	577357.6	5974847.7	228.5
23/11/2011 19:58	53.916292	-1.82212	577362.6	5974851	227.5
23/11/2011 19:58	53.916326	-1.822046	577367.4	5974854.9	226.4
23/11/2011 19:59	53.91635	-1.821967	577372.6	5974857.6	225.6
23/11/2011 19:59	53.916392	-1.821853	577380	5974862.4	224.3
23/11/2011 19:59	53.916403	-1.821779	577384.8	5974863.7	224
23/11/2011 19:59	53.916429	-1.821715	577389	5974866.7	223.3
23/11/2011 19:59	53.916476	-1.821721	577388.5	5974871.9	222
23/11/2011 19:59	53.916511	-1.821779	577384.6	5974875.8	221
23/11/2011 19:59	53.916557	-1.821821	577381.8	5974880.8	219.7
23/11/2011 20:00	53.916605	-1.821873	577378.3	5974886.1	218.3
23/11/2011 20:00	53.91665	-1.821936	577374.1	5974891.1	216.8
23/11/2011 20:00	53.916732	-1.822076	577364.7	5974900	214
23/11/2011 20:00	53.916776	-1.82211	577362.4	5974904.9	212.5
23/11/2011 20:00	53.916824	-1.822102	577362.8	5974910.2	211
23/11/2011 20:00	53.916868	-1.822051	577366.1	5974915.2	209.8
23/11/2011 20:00	53.916893	-1.821969	577371.5	5974918.1	209.4
23/11/2011 20:00	53.916918	-1.821865	577378.2	5974920.9	209
23/11/2011 20:00	53.916939	-1.821778	577383.9	5974923.4	208.7
23/11/2011 20:00	53.916956	-1.821701	577388.9	5974925.4	208.5
23/11/2011 20:00	53.916971	-1.821618	577394.4	5974927.1	208.2
23/11/2011 20:01	53.917043	-1.821626	577393.7	5974935.1	206.2
23/11/2011 20:01	53.917048	-1.82154	577399.3	5974935.8	206
23/11/2011 20:01	53.91709	-1.82148	577403.2	5974940.5	204.8
23/11/2011 20:01	53.917098	-1.8214	577408.4	5974941.5	204.6
23/11/2011 20:01	53.917105	-1.821264	577417.4	5974942.4	204.4
23/11/2011 20:01	53.917128	-1.821197	577421.7	5974945	203.8
23/11/2011 20:01	53.917144	-1.821123	577426.5	5974946.9	203.3
23/11/2011 20:01	53.917181	-1.821051	577431.2	5974951.1	202.4
23/11/2011 20:01	53.917219	-1.821004	577434.2	5974955.4	201.4
23/11/2011 20:01	53.917251	-1.820938	577438.5	5974959	200.5
23/11/2011 20:01	53.917277	-1.820794	577447.9	5974962.1	199.9
23/11/2011 20:02	53.917283	-1.820702	577453.9	5974962.8	199.9
23/11/2011 20:02	53.917315	-1.820634	577458.3	5974966.5	199.1
23/11/2011 20:02	53.917341	-1.820571	577462.4	5974969.4	198.6
23/11/2011 20:02	53.91735	-1.820473	577468.9	5974970.5	198.5
23/11/2011 20:02	53.917348	-1.820377	577475.2	5974970.4	198.7
23/11/2011 20:02	53.917331	-1.820292	577480.8	5974968.6	199.2
23/11/2011 20:02	53.91731	-1.820224	577485.3	5974966.4	199.8
23/11/2011 20:02	53.917284	-1.820146	577490.5	5974963.5	200.5
23/11/2011 20:02	53.917253	-1.820084	577494.6	5974960.2	201.3
23/11/2011 20:02	53.917213	-1.820025	577498.5	5974955.8	202.2
23/11/2011 20:02	53.917185	-1.819965	577502.5	5974952.7	202.9
23/11/2011 20:03	53.917172	-1.819892	577507.3	5974951.4	203.4
23/11/2011 20:03	53.917133	-1.819836	577511.1	5974947.1	204.3
23/11/2011 20:04	53.917087	-1.819853	577510.1	5974941.9	205.3
23/11/2011 20:04	53.917038	-1.819901	577507	5974936.4	206.2
23/11/2011 20:04	53.917007	-1.819719	577519	5974933.2	207.3
23/11/2011 20:04	53.917056	-1.819658	577522.9	5974938.7	206.4
23/11/2011 20:04	53.917102	-1.81963	577524.7	5974943.9	205.5
23/11/2011 20:04	53.91715	-1.819606	577526.2	5974949.2	204.6
23/11/2011 20:04	53.917214	-1.819583	577527.6	5974956.4	203.3
23/11/2011 20:05	53.917183	-1.819523	577531.6	5974953	204.1
23/11/2011 20:05	53.91717	-1.819431	577537.6	5974951.6	204.6
23/11/2011 20:05	53.91716	-1.819357	577542.5	5974950.6	205
23/11/2011 20:05	53.917154	-1.819281	577547.5	5974950	205.3
23/11/2011 20:05	53.917153	-1.819171	577554.7	5974950	205.7
23/11/2011 20:05	53.917175	-1.819089	577560.1	5974952.6	205.4
23/11/2011 20:05	53.917189	-1.819014	577565	5974954.2	205.3
23/11/2011 20:05	53.917209	-1.818936	577570.1	5974956.5	205.1
23/11/2011 20:05	53.917238	-1.818854	577575.4	5974959.8	204.8
23/11/2011 20:05	53.917276	-1.818711	577584.7	5974964.2	204.4
23/11/2011 20:06	53.917303	-1.818641	577589.3	5974967.3	204
23/11/2011 20:06	53.917334	-1.818571	577593.8	5974970.8	203.6
23/11/2011 20:06	53.917368	-1.818431	577602.9	5974974.8	203.3
23/11/2011 20:06	53.917411	-1.818381	577606.1	5974979.6	202.6
23/11/2011 20:06	53.917474	-1.818272	577613.2	5974986.7	201.5
23/11/2011 20:06	53.917495	-1.818202	577617.7	5974989.1	201.1
23/11/2011 20:06	53.917502	-1.818115	577623.4	5974990	201
23/11/2011 20:06	53.917519	-1.818027	577629.2	5974992	200.6
23/11/2011 20:06	53.917543	-1.817934	577635.2	5974994.8	200.1
23/11/2011 20:06	53.91757	-1.817847	577640.9	5974997.9	199.5
23/11/2011 20:06	53.917591	-1.817777	577645.5	5975000.3	199.1
23/11/2011 20:06	53.917604	-1.817698	577650.6	5975001.8	198.8
23/11/2011 20:06	53.917609	-1.817621	577655.7	5975002.5	198.8
23/11/2011 20:07	53.917619	-1.817538	577661.1	5975003.7	198.6
23/11/2011 20:07	53.917617	-1.81746	577666.2	5975003.5	198.6
23/11/2011 20:07	53.917625	-1.817385	577671.2	5975004.5	198.4
23/11/2011 20:08	53.917625	-1.817296	577677	5975004.6	198.4
23/11/2011 20:08	53.917624	-1.817206	577682.9	5975004.6	198.4
23/11/2011 20:08	53.917633	-1.817117	577688.7	5975005.7	198.1
23/11/2011 20:08	53.91764	-1.817029	577694.5	5975006.6	198
23/11/2011 20:08	53.917635	-1.81694	577700.4	5975006.1	198
23/11/2011 20:08	53.917632	-1.816852	577706.1	5975005.9	198.1
23/11/2011 20:08	53.917639	-1.816776	577711.1	5975006.7	197.9
23/11/2011 20:08	53.917611	-1.81671	577715.5	5975003.7	198.5
23/11/2011 20:09	53.917584	-1.816643	577720	5975000.8	199.1
23/11/2011 20:09	53.917572	-1.816555	577725.8	5974999.5	199.3
23/11/2011 20:09	53.91756	-1.816472	577731.2	5974998.3	199.6
23/11/2011 20:09	53.917565	-1.816393	577736.4	5974998.9	199.5
23/11/2011 20:09	53.917569	-1.816308	577742	5974999.5	199.4
23/11/2011 20:09	53.917571	-1.816224	577747.5	5974999.8	199.3
23/11/2011 20:09	53.917563	-1.816131	577753.6	5974999	199.5
23/11/2011 20:09	53.917531	-1.816074	577757.4	5974995.5	200.2
23/11/2011 20:10	53.917519	-1.815999	577762.4	5974994.2	200.5
23/11/2011 20:10	53.917497	-1.815932	577766.8	5974991.9	201.1
23/11/2011 20:10	53.917483	-1.815849	577772.3	5974990.4	201.3
23/11/2011 20:10	53.917477	-1.815747	577779	5974989.8	201.7
23/11/2011 20:10	53.917463	-1.815657	577784.9	5974988.4	202.2
23/11/2011 20:10	53.917478	-1.815581	577789.9	5974990.1	202
23/11/2011 20:10	53.917495	-1.815509	577794.6	5974992.1	201.9
23/11/2011 20:10	53.917515	-1.815433	577799.6	5974994.4	201.6
23/11/2011 20:10	53.917523	-1.815352	577804.9	5974995.4	201.5
23/11/2011 20:10	53.917548	-1.815285	577809.2	5974998.2	201
23/11/2011 20:11	53.917593	-1.815269	577810.2	5975003.3	199.8
23/11/2011 20:11	53.917627	-1.815154	577817.7	5975007.2	199.1
23/11/2011 20:11	53.917656	-1.815092	577821.7	5975010.5	198.3
23/11/2011 20:11	53.917687	-1.815033	577825.5	5975014	197.6
23/11/2011 20:11	53.917724	-1.814973	577829.4	5975018.2	196.6
23/11/2011 20:12	53.917743	-1.814902	577834	5975020.4	196
23/11/2011 20:12	53.917784	-1.814867	577836.2	5975025	194.9
23/11/2011 20:12	53.917767	-1.814793	577841.1	5975023.1	195.4
23/11/2011 20:12	53.917818	-1.814791	577841.2	5975028.8	193.9
23/11/2011 20:12	53.917827	-1.814705	577846.8	5975029.9	193.7
23/11/2011 20:12	53.917831	-1.814623	577852.2	5975030.4	193.6
23/11/2011 20:12	53.917832	-1.814537	577857.8	5975030.7	193.7
23/11/2011 20:13	53.917821	-1.814461	577862.8	5975029.5	194
23/11/2011 20:13	53.91785	-1.8144	577866.8	5975032.8	193.2
23/11/2011 20:13	53.917873	-1.814333	577871.1	5975035.4	192.6
23/11/2011 20:13	53.91792	-1.814261	577875.8	5975040.7	191.4
23/11/2011 20:14	53.917868	-1.814254	577876.3	5975035	192.8
23/11/2011 20:14	53.917836	-1.814191	577880.5	5975031.5	193.7
23/11/2011 20:14	53.917848	-1.814109	577885.9	5975032.9	193.5
23/11/2011 20:15	53.917863	-1.814037	577890.6	5975034.7	193.1
23/11/2011 20:15	53.917839	-1.81397	577895	5975032.1	193.8
23/11/2011 20:15	53.917818	-1.8139	577899.7	5975029.8	194.5
23/11/2011 20:15	53.917799	-1.813828	577904.4	5975027.8	195
23/11/2011 20:15	53.917786	-1.813746	577909.8	5975026.4	195.5
23/11/2011 20:16	53.91778	-1.813653	577916	5975025.8	195.7
23/11/2011 20:16	53.917804	-1.813587	577920.2	5975028.6	195.1
23/11/2011 20:16	53.917826	-1.813484	577927	5975031.1	194.6
23/11/2011 20:16	53.917884	-1.81339	577933	5975037.7	193.3
23/11/2011 20:16	53.917914	-1.813325	577937.3	5975041.1	192.6
23/11/2011 20:16	53.91796	-1.813289	577939.5	5975046.3	191.4
23/11/2011 20:16	53.918004	-1.81326	577941.4	5975051.2	190.3
23/11/2011 20:16	53.918017	-1.813185	577946.3	5975052.7	189.9
23/11/2011 20:17	53.918015	-1.813104	577951.6	5975052.6	190
23/11/2011 20:17	53.918011	-1.812998	577958.5	5975052.3	190.1
23/11/2011 20:17	53.918022	-1.812911	577964.2	5975053.6	189.8
23/11/2011 20:17	53.918027	-1.812831	577969.5	5975054.2	189.7
23/11/2011 20:17	53.918014	-1.812741	577975.4	5975052.9	189.9
23/11/2011 20:17	53.918001	-1.812654	577981.2	5975051.5	190.2
23/11/2011 20:17	53.917988	-1.812574	577986.4	5975050.2	190.5
23/11/2011 20:17	53.91798	-1.812475	577993	5975049.4	190.5
23/11/2011 20:17	53.917982	-1.812384	577998.9	5975049.7	190.2
23/11/2011 20:17	53.918014	-1.812328	578002.5	5975053.3	189.3
23/11/2011 20:17	53.918025	-1.812228	578009.1	5975054.7	188.7
23/11/2011 20:18	53.918005	-1.812154	578014	5975052.5	188.8
23/11/2011 20:18	53.918014	-1.812065	578019.8	5975053.6	188.3
23/11/2011 20:18	53.918039	-1.811992	578024.6	5975056.5	187.5
23/11/2011 20:18	53.918067	-1.811914	578029.6	5975059.7	186.6
23/11/2011 20:18	53.918078	-1.811811	578036.4	5975061	186
23/11/2011 20:18	53.918075	-1.811734	578041.4	5975060.8	185.8
23/11/2011 20:18	53.918055	-1.811645	578047.3	5975058.6	185.9
23/11/2011 20:18	53.918045	-1.811557	578053.1	5975057.6	185.6
23/11/2011 20:18	53.918022	-1.811483	578058	5975055.2	185.7
23/11/2011 20:18	53.917988	-1.811405	578063.2	5975051.5	186
23/11/2011 20:19	53.917977	-1.81132	578068.8	5975050.3	185.8
23/11/2011 20:19	53.917968	-1.811224	578075.1	5975049.4	185.5
23/11/2011 20:19	53.917962	-1.811133	578081.1	5975048.9	185.1
23/11/2011 20:19	53.917963	-1.811055	578086.2	5975049.1	184.7
23/11/2011 20:19	53.917957	-1.810978	578091.3	5975048.5	184.4
23/11/2011 20:19	53.917927	-1.810903	578096.3	5975045.2	184.6
23/11/2011 20:19	53.917895	-1.810848	578100	5975041.7	185.1
23/11/2011 20:19	53.91786	-1.810778	578104.6	5975037.9	185.9
23/11/2011 20:19	53.917832	-1.810718	578108.6	5975034.9	186.7
23/11/2011 20:19	53.917804	-1.810632	578114.3	5975031.8	187.6
23/11/2011 20:20	53.917823	-1.810561	578118.9	5975034	187.4
23/11/2011 20:20	53.917919	-1.810624	578114.6	5975044.6	184.9
23/11/2011 20:20	53.917909	-1.810727	578107.9	5975043.4	184.9
23/11/2011 20:21	53.917866	-1.810693	578110.2	5975038.7	186
23/11/2011 20:21	53.917844	-1.810766	578105.4	5975036.1	186.3
23/11/2011 20:21	53.917863	-1.810836	578100.8	5975038.2	185.7
23/11/2011 20:21	53.917882	-1.810911	578095.8	5975040.2	185.7
23/11/2011 20:21	53.917908	-1.810999	578090	5975043	185.6
23/11/2011 20:21	53.917926	-1.811088	578084.1	5975044.9	185.7
23/11/2011 20:21	53.917922	-1.811168	578078.9	5975044.4	186.2
23/11/2011 20:21	53.917917	-1.811257	578073.1	5975043.7	186.8
23/11/2011 20:21	53.917923	-1.811339	578067.7	5975044.3	187.1
23/11/2011 20:21	53.917913	-1.811425	578062	5975043.1	187.8
23/11/2011 20:21	53.917875	-1.811497	578057.4	5975038.8	189
23/11/2011 20:22	53.917834	-1.81153	578055.3	5975034.2	190.1
23/11/2011 20:22	53.917823	-1.811612	578049.9	5975032.9	190.7
23/11/2011 20:22	53.917813	-1.811689	578044.9	5975031.7	191.3
23/11/2011 20:22	53.917813	-1.811808	578037.1	5975031.5	191.7
23/11/2011 20:22	53.91785	-1.811872	578032.8	5975035.6	191.2
23/11/2011 20:22	53.917868	-1.81195	578027.6	5975037.5	191.1
23/11/2011 20:22	53.917898	-1.812014	578023.4	5975040.8	190.7
23/11/2011 20:23	53.917925	-1.812131	578015.6	5975043.6	190.5
23/11/2011 20:23	53.91794	-1.812206	578010.7	5975045.2	190.4
23/11/2011 20:23	53.917964	-1.812283	578005.6	5975047.8	190.2
23/11/2011 20:23	53.917972	-1.81238	577999.2	5975048.6	190.4
23/11/2011 20:23	53.918005	-1.812432	577995.7	5975052.2	189.8
23/11/2011 20:24	53.918045	-1.812483	577992.3	5975056.6	189.2
23/11/2011 20:24	53.918066	-1.812552	577987.7	5975058.9	188.8
23/11/2011 20:24	53.918055	-1.812662	577980.5	5975057.5	189
23/11/2011 20:24	53.918074	-1.812746	577975	5975059.5	188.6
23/11/2011 20:24	53.918074	-1.812845	577968.5	5975059.4	188.6
23/11/2011 20:25	53.918057	-1.812939	577962.3	5975057.4	189
23/11/2011 20:26	53.918061	-1.813087	577952.6	5975057.7	188.9
23/11/2011 20:26	53.918066	-1.813166	577947.4	5975058.2	188.7
23/11/2011 20:26	53.918079	-1.81326	577941.2	5975059.5	188.4
23/11/2011 20:26	53.918088	-1.813335	577936.3	5975060.5	188.2
23/11/2011 20:27	53.918135	-1.813353	577935	5975065.7	187
23/11/2011 20:27	53.918158	-1.813272	577940.3	5975068.3	186.4
23/11/2011 20:27	53.918209	-1.813277	577939.9	5975074	185.2
23/11/2011 20:27	53.918267	-1.813278	577939.7	5975080.4	183.7
23/11/2011 20:28	53.918233	-1.813205	577944.5	5975076.7	184.6
23/11/2011 20:28	53.918229	-1.813128	577949.6	5975076.4	184.8
23/11/2011 20:29	53.918204	-1.813063	577953.9	5975073.7	185.4
23/11/2011 20:29	53.918166	-1.813012	577957.3	5975069.5	186.4
23/11/2011 20:29	53.91815	-1.812939	577962.2	5975067.8	186.8
23/11/2011 20:29	53.918108	-1.812985	577959.2	5975063.1	187.8
23/11/2011 20:30	53.918074	-1.813036	577955.9	5975059.2	188.6
23/11/2011 20:30	53.918062	-1.812926	577963.2	5975058	188.8
23/11/2011 20:31	53.918037	-1.812846	577968.5	5975055.3	189.4
23/11/2011 20:31	53.91801	-1.812767	577973.7	5975052.4	190
23/11/2011 20:32	53.918057	-1.812785	577972.4	5975057.6	189
23/11/2011 20:32	53.918064	-1.812862	577967.4	5975058.3	188.8
23/11/2011 20:32	53.918066	-1.812951	577961.5	5975058.4	188.8
23/11/2011 20:32	53.918026	-1.813028	577956.5	5975053.9	189.7
23/11/2011 20:32	53.917992	-1.813081	577953.1	5975050.1	190.5
23/11/2011 20:32	53.918027	-1.813133	577949.7	5975053.9	189.7
23/11/2011 20:33	53.918031	-1.813214	577944.3	5975054.2	189.6
23/11/2011 20:33	53.917991	-1.813264	577941.1	5975049.7	190.6
23/11/2011 20:33	53.917945	-1.813272	577940.7	5975044.6	191.8
23/11/2011 20:33	53.918013	-1.813252	577941.9	5975052.2	190.1
23/11/2011 20:33	53.917973	-1.813289	577939.5	5975047.7	191.1
23/11/2011 20:33	53.917928	-1.813322	577937.4	5975042.7	192.2
23/11/2011 20:34	53.917909	-1.813396	577932.6	5975040.5	192.6
23/11/2011 20:34	53.917962	-1.813399	577932.3	5975046.4	191.3
23/11/2011 20:34	53.918009	-1.813406	577931.8	5975051.6	190.1
23/11/2011 20:34	53.918064	-1.813429	577930.1	5975057.7	188.6
23/11/2011 20:35	53.918031	-1.81351	577924.9	5975053.9	189.3
23/11/2011 20:35	53.918061	-1.813442	577929.3	5975057.3	188.7
23/11/2011 20:35	53.918107	-1.813427	577930.2	5975062.5	187.5
23/11/2011 20:35	53.918143	-1.813486	577926.3	5975066.4	186.5
23/11/2011 20:35	53.918162	-1.813555	577921.7	5975068.4	185.9
23/11/2011 20:35	53.918196	-1.813622	577917.2	5975072.2	184.9
23/11/2011 20:36	53.91822	-1.81369	577912.7	5975074.8	184.1
23/11/2011 20:36	53.918227	-1.81377	577907.4	5975075.4	183.8
23/11/2011 20:37	53.91825	-1.813844	577902.5	5975077.9	183
23/11/2011 20:37	53.918259	-1.813935	577896.5	5975078.8	182.6
23/11/2011 20:37	53.918296	-1.813885	577899.8	5975083	181.7
23/11/2011 20:37	53.918331	-1.813828	577903.4	5975086.9	180.9
23/11/2011 20:37	53.918369	-1.81378	577906.5	5975091.2	180.2
23/11/2011 20:37	53.918433	-1.813744	577908.8	5975098.4	179
23/11/2011 20:37	53.918482	-1.813696	577911.8	5975103.9	178.1
23/11/2011 20:38	53.918533	-1.813678	577912.9	5975109.6	177.1
23/11/2011 20:38	53.918588	-1.813677	577912.9	5975115.7	176
23/11/2011 20:38	53.918627	-1.813638	577915.4	5975120.1	175.3
23/11/2011 20:38	53.918679	-1.813605	577917.4	5975125.9	174.3
23/11/2011 20:38	53.918751	-1.81356	577920.3	5975134	172.9
23/11/2011 20:38	53.918859	-1.813549	577920.8	5975146	170.8
23/11/2011 20:38	53.918905	-1.81355	577920.6	5975151.1	169.8
23/11/2011 20:38	53.918951	-1.813548	577920.7	5975156.2	168.9
23/11/2011 20:38	53.918963	-1.813633	577915.1	5975157.5	168.4
23/11/2011 20:38	53.918964	-1.813743	577907.8	5975157.5	168.2
23/11/2011 20:38	53.918983	-1.813845	577901.1	5975159.5	167.5
23/11/2011 20:38	53.918962	-1.81404	577888.3	5975156.9	167.5
23/11/2011 20:39	53.918949	-1.814128	577882.6	5975155.4	167.5
23/11/2011 20:39	53.918951	-1.814207	577877.4	5975155.5	167.4
23/11/2011 20:39	53.918987	-1.814257	577874	5975159.5	166.6
23/11/2011 20:39	53.919029	-1.814324	577869.6	5975164.1	165.8
23/11/2011 20:39	53.919064	-1.814377	577866	5975167.9	165.1
23/11/2011 20:39	53.91909	-1.814508	577857.4	5975170.6	164.5
23/11/2011 20:39	53.91911	-1.814587	577852.1	5975172.8	164.1
23/11/2011 20:39	53.919062	-1.814682	577846	5975167.3	165.1
23/11/2011 20:39	53.919024	-1.814743	577842.1	5975163	165.8
23/11/2011 20:40	53.918966	-1.814757	577841.2	5975156.6	166.9
23/11/2011 20:40	53.918916	-1.814728	577843.2	5975151	167.9
23/11/2011 20:40	53.918801	-1.814758	577841.5	5975138.2	170.1
23/11/2011 20:40	53.918767	-1.814858	577835	5975134.3	170.8
23/11/2011 20:40	53.918772	-1.814937	577829.8	5975134.8	170.6
23/11/2011 20:40	53.918803	-1.815016	577824.5	5975138.2	170
23/11/2011 20:40	53.918789	-1.815289	577806.6	5975136.3	170.4
23/11/2011 20:40	53.918768	-1.815371	577801.3	5975133.9	170.9
23/11/2011 20:40	53.918756	-1.815461	577795.4	5975132.4	171.2
23/11/2011 20:40	53.918753	-1.815552	577789.4	5975132	171.3
23/11/2011 20:40	53.918757	-1.815635	577784	5975132.4	171.2
23/11/2011 20:40	53.918753	-1.815738	577777.2	5975131.8	171.4
23/11/2011 20:40	53.918764	-1.815825	577771.5	5975132.9	171.2
23/11/2011 20:40	53.918781	-1.815903	577766.3	5975134.7	171
23/11/2011 20:40	53.918798	-1.815977	577761.4	5975136.5	170.8
23/11/2011 20:40	53.918831	-1.81609	577754	5975140.1	170.3
23/11/2011 20:40	53.918859	-1.81616	577749.3	5975143.1	169.8
23/11/2011 20:40	53.91888	-1.816234	577744.4	5975145.4	169.5
23/11/2011 20:40	53.918902	-1.816335	577737.7	5975147.7	169.2
23/11/2011 20:40	53.918924	-1.816438	577730.9	5975150.1	168.9
23/11/2011 20:40	53.918942	-1.816562	577722.8	5975151.9	168.7
23/11/2011 20:41	53.918957	-1.816661	577716.2	5975153.5	168.5
23/11/2011 20:41	53.918968	-1.816755	577710	5975154.6	168.4
23/11/2011 20:41	53.918985	-1.816837	577704.6	5975156.4	168.2
23/11/2011 20:41	53.91899	-1.816948	577697.3	5975156.8	168.2
23/11/2011 20:41	53.919046	-1.817276	577675.7	5975162.7	167.4
23/11/2011 20:41	53.91908	-1.817369	577669.5	5975166.4	166.8
23/11/2011 20:42	53.919121	-1.817463	577663.3	5975170.8	166
23/11/2011 20:42	53.919162	-1.817535	577658.4	5975175.3	165.1
23/11/2011 20:42	53.919188	-1.817624	577652.6	5975178.1	164.8
23/11/2011 20:42	53.919202	-1.817729	577645.6	5975179.6	164.8
23/11/2011 20:42	53.919221	-1.817829	577639	5975181.6	164.6
23/11/2011 20:42	53.919351	-1.818106	577620.6	5975195.7	163.1
23/11/2011 20:42	53.919402	-1.818189	577615.1	5975201.3	162.4
23/11/2011 20:42	53.919453	-1.818261	577610.2	5975206.9	161.8
23/11/2011 20:42	53.919512	-1.818328	577605.7	5975213.4	161
23/11/2011 20:42	53.919568	-1.818398	577601	5975219.6	160.2
23/11/2011 20:42	53.919608	-1.818467	577596.4	5975223.9	159.6
23/11/2011 20:42	53.919636	-1.818545	577591.2	5975227	159.1
23/11/2011 20:42	53.919676	-1.818797	577574.6	5975231.1	158.3
23/11/2011 20:42	53.919688	-1.8189	577567.8	5975232.4	158.1
23/11/2011 20:42	53.919704	-1.819009	577560.6	5975234	157.7
23/11/2011 20:42	53.919728	-1.819109	577554	5975236.6	157.3
23/11/2011 20:42	53.919758	-1.819217	577546.9	5975239.8	156.8
23/11/2011 20:42	53.91981	-1.819403	577534.6	5975245.4	156.1
23/11/2011 20:42	53.919831	-1.819501	577528.1	5975247.6	155.9
23/11/2011 20:42	53.91985	-1.819601	577521.5	5975249.6	155.7
23/11/2011 20:42	53.919871	-1.8197	577515	5975251.8	155.5
23/11/2011 20:42	53.919936	-1.819948	577498.5	5975258.8	154.8
23/11/2011 20:42	53.919962	-1.820034	577492.9	5975261.6	154.5
23/11/2011 20:43	53.920047	-1.820302	577475.1	5975270.8	153.4
23/11/2011 20:43	53.920066	-1.820392	577469.1	5975272.8	153.1
23/11/2011 20:43	53.920085	-1.820465	577464.3	5975274.8	152.8
23/11/2011 20:43	53.920073	-1.820388	577469.4	5975273.6	153
23/11/2011 20:43	53.920065	-1.820487	577462.9	5975272.6	153.1
23/11/2011 20:43	53.920061	-1.820576	577457.1	5975272	153.1
23/11/2011 20:43	53.920043	-1.82068	577450.3	5975269.9	153.4
23/11/2011 20:43	53.920027	-1.820783	577443.5	5975268	153.6
23/11/2011 20:43	53.920012	-1.820885	577436.9	5975266.2	153.6
23/11/2011 20:43	53.919985	-1.820985	577430.4	5975263.1	153.4
23/11/2011 20:43	53.919971	-1.82106	577425.5	5975261.5	153.2
23/11/2011 20:43	53.919946	-1.821167	577418.5	5975258.6	153
23/11/2011 20:43	53.919932	-1.821263	577412.2	5975256.9	152.7
23/11/2011 20:43	53.919907	-1.82136	577405.9	5975254	152.5
23/11/2011 20:43	53.91985	-1.821598	577390.3	5975247.4	151.9
23/11/2011 20:43	53.919846	-1.821687	577384.5	5975246.9	151.6
23/11/2011 20:44	53.919846	-1.821781	577378.3	5975246.8	151.2
23/11/2011 20:44	53.919841	-1.821938	577368	5975246.1	150.7
23/11/2011 20:44	53.919888	-1.821965	577366.2	5975251.3	150.1
23/11/2011 20:44	53.919935	-1.821933	577368.2	5975256.5	149.7
23/11/2011 20:44	53.920014	-1.821877	577371.7	5975265.4	149.1
23/11/2011 20:44	53.920132	-1.821845	577373.6	5975278.5	147.7
23/11/2011 20:44	53.92018	-1.821833	577374.3	5975283.9	147.2
23/11/2011 20:44	53.920236	-1.82183	577374.4	5975290.1	146.5
23/11/2011 20:44	53.920376	-1.82181	577375.5	5975305.7	144.8
23/11/2011 20:44	53.92043	-1.821825	577374.4	5975311.7	144
23/11/2011 20:44	53.920475	-1.821894	577369.8	5975316.6	143.4
23/11/2011 20:45	53.920544	-1.821911	577368.5	5975324.3	142.5
23/11/2011 20:45	53.920595	-1.821894	577369.5	5975330	141.9
23/11/2011 20:45	53.920642	-1.821857	577371.9	5975335.3	141.4
23/11/2011 20:45	53.920693	-1.821842	577372.8	5975340.9	140.7
23/11/2011 20:45	53.920739	-1.821865	577371.2	5975346	140.2
23/11/2011 20:45	53.920795	-1.821884	577369.8	5975352.2	139.5
23/11/2011 20:45	53.920837	-1.821941	577366	5975356.9	139
23/11/2011 20:45	53.920919	-1.822027	577360.2	5975365.9	138.2
23/11/2011 20:45	53.920967	-1.822094	577355.7	5975371.2	137.8
23/11/2011 20:45	53.921014	-1.822144	577352.3	5975376.3	137.4
23/11/2011 20:45	53.921066	-1.822159	577351.3	5975382.1	136.9
23/11/2011 20:45	53.921121	-1.822171	577350.4	5975388.2	136.4
23/11/2011 20:45	53.921181	-1.822185	577349.3	5975394.9	135.8
23/11/2011 20:45	53.921253	-1.822216	577347.2	5975402.8	135.1
23/11/2011 20:45	53.921305	-1.822239	577345.6	5975408.6	134.6
23/11/2011 20:45	53.921392	-1.822247	577344.9	5975418.3	133.8
23/11/2011 20:45	53.921449	-1.822219	577346.6	5975424.6	133.3
23/11/2011 20:45	53.921525	-1.822225	577346.1	5975433.1	132.6
23/11/2011 20:45	53.921611	-1.822262	577343.5	5975442.6	131.8
23/11/2011 20:45	53.921775	-1.822323	577339.2	5975460.8	130.1
23/11/2011 20:45	53.921822	-1.822337	577338.2	5975466	129.7
23/11/2011 20:46	53.92196	-1.822395	577334.1	5975481.3	128.3
23/11/2011 20:46	53.922015	-1.822414	577332.8	5975487.4	127.7
23/11/2011 20:46	53.922072	-1.82243	577331.6	5975493.7	127.2
23/11/2011 20:46	53.922131	-1.82244	577330.8	5975500.3	126.6
23/11/2011 20:46	53.922191	-1.822451	577330	5975506.9	126
23/11/2011 20:46	53.92224	-1.822467	577328.9	5975512.4	125.5
23/11/2011 20:46	53.922285	-1.822478	577328.1	5975517.4	125.1
23/11/2011 20:46	53.92237	-1.822479	577327.8	5975526.8	124.3
23/11/2011 20:46	53.922453	-1.822471	577328.2	5975536.1	123.5
23/11/2011 20:46	53.922531	-1.822459	577328.9	5975544.8	122.5
23/11/2011 20:46	53.922605	-1.822444	577329.7	5975553	121.2
23/11/2011 20:46	53.922678	-1.822455	577328.8	5975561.1	120
23/11/2011 20:46	53.92275	-1.822473	577327.5	5975569.1	118.8
23/11/2011 20:46	53.922821	-1.82249	577326.3	5975577	117.6
23/11/2011 20:46	53.922886	-1.82251	577324.8	5975584.2	116.5
23/11/2011 20:46	53.922952	-1.822526	577323.7	5975591.5	115.4
23/11/2011 20:46	53.923015	-1.822533	577323.1	5975598.5	114.3
23/11/2011 20:46	53.923082	-1.822545	577322.2	5975606	113.2
23/11/2011 20:46	53.923146	-1.822552	577321.6	5975613.1	112.2
23/11/2011 20:46	53.923207	-1.822559	577321	5975619.9	111.2
23/11/2011 20:46	53.923266	-1.822568	577320.3	5975626.4	110.2
23/11/2011 20:46	53.923323	-1.822575	577319.8	5975632.7	109.3
23/11/2011 20:46	53.923379	-1.822586	577318.9	5975639	108.7
23/11/2011 20:46	53.92344	-1.822591	577318.5	5975645.7	108.2
23/11/2011 20:46	53.923501	-1.822594	577318.2	5975652.5	107.7
23/11/2011 20:46	53.923561	-1.8226	577317.7	5975659.2	107.2
23/11/2011 20:46	53.923612	-1.822597	577317.8	5975664.9	106.8
23/11/2011 20:46	53.923675	-1.822597	577317.7	5975671.9	106.2
23/11/2011 20:47	53.923728	-1.822621	577316	5975677.7	105.8
23/11/2011 20:47	53.923784	-1.822619	577316	5975684	105.4
23/11/2011 20:47	53.923842	-1.82261	577316.5	5975690.4	104.9
23/11/2011 20:47	53.923882	-1.822543	577320.8	5975695	104.4
23/11/2011 20:47	53.923912	-1.822466	577325.8	5975698.4	104.2
23/11/2011 20:47	53.923935	-1.822379	577331.5	5975701	104.1
23/11/2011 20:47	53.923952	-1.822296	577336.9	5975703	104
23/11/2011 20:47	53.923995	-1.822155	577346.1	5975708	103.9
23/11/2011 20:47	53.924035	-1.822108	577349.1	5975712.5	103.6
23/11/2011 20:47	53.924081	-1.822105	577349.2	5975717.6	103.2
23/11/2011 20:47	53.924152	-1.822084	577350.5	5975725.5	102.6
23/11/2011 20:47	53.924201	-1.822045	577352.9	5975731	102.3
23/11/2011 20:47	53.924241	-1.82201	577355.2	5975735.5	102.1
23/11/2011 20:47	53.924254	-1.821931	577360.3	5975737	102.2
23/11/2011 20:47	53.92428	-1.821854	577365.3	5975740	102.1
23/11/2011 20:47	53.924311	-1.822013	577354.8	5975743.3	101.7
23/11/2011 20:48	53.924281	-1.822134	577347	5975739.8	101.8
